-18.1111 0.709496 -2.24542 -19.0326 -1.44282 -9.29528 -12.8326 -2.78036 -7.3065 -2.19249 7.3467 5.09745 37.0152
-19.3482 -1.06225 -6.62138 -15.7834 -11.686 -15.532 -4.7281 2.28683 -4.79541 1.16931 4.09484 4.65068 38.6857
-16.2466 1.16728 -4.27076 -12.1907 -4.65122 -2.76233 -2.6932 -10.4341 -8.06508 -2.26791 10.9747 -4.88778 44.1305
-14.3631 -5.22822 -5.16809 -18.7113 -2.32306 -5.40142 -7.40428 -2.90733 4.56908 -11.0146 3.04165 -1.48123 52.77
-13.7741 -4.63322 -3.86817 -21.789 -8.25352 -11.1716 -12.661 -1.19623 5.65583 -14.3435 8.57845 4.00535 59.9565
-14.5996 -2.38849 0.0599237 -23.208 -7.67892 -17.5096 -17.7732 -3.24013 3.4774 -17.9722 3.13126 0.582847 62.6491
-14.9655 -3.23645 0.636691 -26.7121 -1.67062 -14.3423 -16.6734 -6.39702 7.20313 -13.3162 5.76481 0.858944 64.394
-16.2503 -3.95356 1.27238 -22.6183 -2.876 -14.3167 -17.2263 -8.57455 13.0383 -12.2155 3.05163 -2.9346 66.6679
-14.0565 -6.77003 -0.170226 -28.3004 -6.64214 -8.48286 -9.51843 -1.76981 13.8017 -3.30259 -3.91149 -5.27275 67.5694
-17.1871 -7.054 -2.8275 -28.7176 -9.11924 -5.48757 -8.05338 -6.31162 8.20353 -3.4919 -3.33141 -6.96947 70.325
-15.4705 -9.58394 -2.91653 -26.3588 -10.0017 -5.626 -6.80714 -5.31188 8.40191 -4.3098 -7.77631 -8.80365 69.4799
-16.5201 -9.25435 3.41628 -24.235 -11.9164 -2.15667 0.547219 2.326 8.18189 -1.21164 -11.0029 -11.0682 71.7028
-16.9913 -13.6736 -0.651466 -24.4796 -10.9903 -5.60889 1.99876 3.30537 1.57678 -8.90118 -15.7881 -7.39182 72.7837
-16.0702 -13.6464 -2.09381 -24.3008 -11.8368 -2.98327 -0.498271 2.137 -2.9922 -7.89461 -13.8942 -4.10951 73.0965
-16.5053 -12.5248 -0.356731 -21.4649 -14.1411 0.153443 2.60317 -0.690586 -8.18727 -8.87344 -11.5544 -5.88887 72.0986
-16.8223 -14.5346 -3.89888 -22.2489 -12.6188 2.5656 3.48827 -2.16317 -12.5073 -11.2088 -12.4571 -3.28621 72.0879
-16.7254 -14.321 -2.97036 -18.3901 -13.1776 2.1544 3.26623 1.29206 -10.371 -11.4856 -12.3998 -5.29871 73.4226
-16.8339 -15.2546 -3.37872 -17.2582 -11.6205 2.72837 4.60414 1.35341 -7.47304 -6.88594 -8.57282 -6.68787 73.1919
-16.5467 -16.3816 -4.75643 -18.378 -14.5342 -0.198665 6.02506 0.0569418 -9.38014 -8.8049 -3.51065 -4.58428 72.1973
-16.4748 -15.6435 -3.76533 -18.5016 -15.027 0.345152 2.04542 -2.59564 -10.4037 -7.36089 -4.60681 -6.77512 72.2952
-15.4379 -16.6481 -5.69536 -14.9548 -10.6199 -1.71618 2.60619 -5.3362 -12.4909 -8.89308 -5.23636 -8.21637 70.9135
-14.956 -17.1502 -6.35718 -16.2461 -11.0198 0.0655853 3.0583 -5.25273 -11.8674 -9.46973 -8.02566 -8.25596 69.9622
-13.8188 -16.3627 -4.86566 -17.0343 -9.42593 0.38252 4.02229 -1.7982 -7.1285 -5.35435 -9.3724 -5.38531 70.056
-14.0077 -17.5948 -6.6459 -15.8001 -11.3606 4.19909 5.41258 -4.39559 0.202588 -2.37967 -5.36217 -6.65271 68.1896
-12.4226 -18.5315 -11.5897 -18.7205 -12.2077 5.31759 -0.633433 -6.81997 -7.72591 -1.27745 -6.50618 -9.44763 63.7232
-11.6871 -14.0542 -6.43214 -13.249 -7.94747 -2.41718 -1.29152 -10.4244 -14.057 0.062302 -7.2098 -15.3645 61.3779
-12.0486 -13.9552 -5.01429 -12.5741 -6.32983 -0.155082 -1.67613 -7.64394 -12.4515 4.60812 -3.25396 -13.9902 59.6123
-13.3206 -11.8389 -5.85582 -8.65787 -3.27457 -1.87756 -6.67177 -10.8003 -8.35856 1.04095 -4.63592 -9.10171 55.7156
-15.103 -5.70772 -7.34261 -3.11959 -12.4475 -9.05398 3.78737 -7.53492 -8.96885 -8.24568 -4.25071 -7.46395 56.1754
-15.5447 -10.1268 -9.74356 -7.53926 -8.27737 -1.02995 -4.76794 -11.2563 -3.51567 -9.43125 0.816701 -2.06403 58.3996
-15.0557 -10.2174 -10.3059 -9.89346 -14.2958 -2.74349 -5.31119 -8.08791 -8.92862 -3.5661 -1.92052 -0.833739 58.9033
-15.4779 -5.45199 -11.2123 -5.94806 -16.8431 -6.13311 -4.96018 -2.44818 -13.4182 -11.1267 -2.31499 -0.578121 56.9929
-17.2621 -3.58624 -12.0688 -10.027 -22.1303 -0.825159 4.05762 -0.893245 -6.96807 -15.4979 -1.1995 -3.28064 55.8978
-17.6577 -4.13599 -15.8412 -6.16401 -13.026 -2.2147 2.54599 -0.271136 -1.09524 -10.2997 6.06335 -4.77955 54.5886
-16.7309 -5.94687 -15.101 -7.2079 -8.6403 -3.48764 0.644682 -3.113 4.56278 0.209187 2.93751 -14.3631 55.8182
-15.5541 -5.73459 -10.3862 2.05591 -12.1674 -6.7648 -6.93008 -6.11605 1.16191 -9.32586 0.742056 -10.8017 56.2763
-15.3366 -0.831428 -14.1069 -7.20891 -13.972 -5.46021 -5.0992 -3.79791 -1.90639 -3.40376 7.5578 -4.08518 55.1327
-16.0122 -5.17902 -20.1417 -8.42742 -13.0708 -3.93421 -7.43289 -3.65575 -1.9657 2.27636 5.09622 -11.7902 56.6339
-14.4099 -4.6809 -15.8021 -7.39527 -18.25 -3.62933 -8.88871 -5.70631 -6.94504 -8.8388 3.84831 -6.60778 57.1541
-16.7918 -7.74455 -17.9833 -5.1756 -10.6455 -1.53517 -7.95649 -15.1174 -8.79586 -10.3363 -7.22312 -10.7623 57.7415
-17.4735 -7.43509 -16.8054 -2.76325 -9.48123 1.42393 -11.964 -10.3355 -12.6655 -16.7968 -12.4458 -5.14361 56.6054
-16.7093 -6.18304 -13.0725 -4.0366 -12.2874 -5.93867 -10.2427 -5.67967 -7.17855 -14.3657 -12.566 -6.57644 54.519
-16.5362 -6.28041 -13.2502 -6.31179 -16.7211 -7.20988 -10.7208 -8.64692 -9.83709 -8.28319 -2.42176 1.6227 56.5678
-17.6727 -6.48155 -14.4931 -1.84863 -14.7446 -1.2832 -10.6967 -10.5808 -7.3033 -3.05448 1.23133 -5.67484 55.2429
-17.998 -8.93332 -13.2023 -3.40424 -9.99147 -0.0335992 -9.30362 -6.29062 -3.30785 -4.10809 6.83536 -11.3917 54.0437
-15.8473 -7.55471 -19.8442 -7.24472 -15.255 -1.72214 -5.66781 -0.613194 3.37631 -13.4932 0.40606 -13.3911 54.3904
-16.3684 -7.32175 -14.8316 -3.24673 -8.19589 -2.68892 -9.50448 -12.3394 -5.26516 -10.1823 5.31656 -10.2793 55.7749
-16.8641 -6.51365 -10.7077 2.13486 -9.06082 -2.82871 -8.6453 -9.08762 -0.0153992 -1.71625 7.34571 -1.16772 55.6173
-19.4044 -6.98826 -9.97753 -1.94118 -9.5129 -4.67837 -4.09723 -2.78354 -0.0738828 -1.32716 1.31709 -6.40666 52.074
-19.6168 -6.9987 -7.81928 -1.75186 -8.71778 3.37411 -2.84475 -6.76135 0.79199 -3.00698 4.4048 -9.02958 50.5785
-18.7315 -6.1837 -8.70218 -1.32961 -1.72621 -5.14094 -9.08441 -9.22656 -0.038187 0.35034 8.8991 -8.44828 47.7514
-18.1645 -2.63047 -10.3316 -8.00983 -9.88179 0.361078 -2.00915 -10.8231 -6.35179 -3.38721 8.03719 -7.45536 43.8506
-19.7533 -7.96255 -10.2323 -3.56562 -6.40812 -0.93921 0.0728373 -3.99055 -2.69154 -4.33602 14.1264 -5.73139 39.7069
-19.5116 -4.96931 -10.8659 -9.47197 -1.22168 -1.04235 -7.40082 -3.64069 -6.07595 -13.5666 14.5573 -1.82782 37.6798
