-9.62108 -2.49643 -11.6099 -24.8955 -8.27865 -19.1263 -8.05368 -5.72465 -9.31211 1.58887 0.01551 5.68252 42.755
-8.89091 -3.77731 -14.7645 -29.3592 -5.65414 -19.6748 -7.33544 -4.52773 -4.02612 6.18179 2.47374 -2.82265 55.2688
-11.8376 -6.85438 -12.7147 -30.1545 -0.861031 -19.0242 -4.79098 -6.05387 -0.0164088 4.83351 3.41397 -3.05546 59.2709
-16.8004 -10.3766 -16.4052 -36.0122 -3.2839 -24.5624 -9.18152 -12.5193 -6.4515 -4.60613 -0.296688 0.370382 59.4937
-16.8777 -8.04083 -11.4682 -26.5809 4.87975 -17.2951 -5.36424 -13.2794 -6.81184 -2.51083 9.01576 8.36955 61.3564
-17.0077 -10.2643 -10.3783 -25.4412 7.13794 -13.9194 -2.2184 -17.9026 -6.67664 0.0314347 15.2327 12.8971 63.2932
-16.2956 -8.91434 -9.09043 -20.1231 10.3567 -9.01125 -0.95696 -12.9279 -5.12439 1.42712 18.0764 20.0362 64.5821
-18.443 -13.6523 -13.9285 -25.7678 9.97676 -8.19829 -2.49052 -11.6247 1.80607 10.1705 22.9379 21.3138 63.4788
-16.5904 -14.1474 -11.5994 -20.4706 9.14034 -6.48649 -4.77814 -13.6297 1.87192 11.9631 23.798 18.3721 63.7121
-14.928 -12.8871 -11.0742 -18.1149 9.10984 -6.34504 -2.64423 -9.14352 0.467395 12.9478 27.7532 10.3295 64.0429
-15.3037 -13.4701 -13.0299 -18.8994 8.71046 -9.42211 -3.28272 -8.29066 2.69015 18.775 30.2808 5.93118 63.6599
-13.8298 -12.024 -9.8323 -14.7911 11.3409 -8.8718 -4.4974 -9.87473 4.90523 19.5089 22.2322 -2.18132 65.2017
-15.7092 -15.327 -11.1763 -14.8654 8.63362 -6.67857 -4.43837 -7.54661 4.27102 20.1 29.9666 4.02065 65.4909
-16.4519 -17.438 -8.12602 -13.8336 11.3338 -4.4386 -5.38894 -9.55479 1.10139 13.0583 25.5984 8.91582 67.9801
-16.9696 -17.6977 -5.2746 -14.7061 13.5009 -3.34112 -8.58322 -10.837 0.640967 7.81419 15.5231 16.8957 69.3051
-18.2073 -19.2684 -4.77525 -15.9618 13.6866 -5.63375 -5.39025 -10.0912 0.912928 -0.439851 12.7369 18.3421 69.463
-16.1355 -19.4965 -2.84109 -16.0565 16.1009 -3.14745 -4.92646 -12.1006 1.87683 -3.841 6.85686 7.03866 70.0476
-16.1563 -21.4714 -6.29602 -17.9457 13.9624 -2.89201 -8.19824 -13.543 4.41868 -2.80047 6.0223 2.76137 70.1642
-15.7772 -20.7865 -4.98596 -14.5868 13.4875 3.27829 -6.89065 -15.1546 1.94822 -0.0297538 4.66201 -0.588527 71.6667
-17.1181 -24.8605 -7.41705 -16.3121 11.1562 4.72713 -4.39312 -12.6614 0.963323 0.00834406 -0.493321 2.47707 71.2389
-14.3164 -23.2807 -5.086 -14.8398 10.7354 6.67372 1.09418 -13.3171 1.28286 0.790803 -0.391656 2.38816 70.4041
-16.2533 -26.4796 -9.30483 -16.8662 1.12671 -0.612742 -2.90491 -18.3096 0.510205 -1.12524 -1.78271 2.75119 68.8376
-12.4747 -24.7646 -6.427 -12.8098 3.53185 3.61419 3.75267 -14.7172 4.35195 3.20407 1.0141 6.87349 68.2943
-12.2356 -26.6833 -11.7571 -13.9101 -2.3109 1.00242 1.70388 -15.9317 0.045487 0.387515 -3.43193 5.30318 64.945
-11.3153 -26.2221 -13.9579 -13.9738 -7.11601 3.12188 1.54853 -14.3416 -3.47273 1.33751 -3.88207 9.52561 62.3976
-9.50345 -23.188 -9.66537 -11.5478 -4.91542 2.15028 9.61145 -13.4595 4.36706 -0.708381 -1.62795 6.6863 59.7882
-10.3735 -24.562 -13.0244 -13.9411 -9.97317 -1.37637 1.07079 -9.6218 0.276372 1.62505 -0.918282 4.98364 56.9731
-10.0104 -22.1578 -15.427 -19.2462 -9.78857 -8.95644 -2.64261 -23.0997 -1.39413 -3.66059 -9.3465 5.47694 53.0857
-9.0632 -18.1968 -8.79345 -13.7909 -0.182493 1.66944 2.38797 -11.579 0.961744 0.4744 1.195 -0.751374 51.1549
-12.2105 -23.6104 -14.0986 -5.08004 0.259543 -7.92686 -12.4443 -11.8399 10.4526 -8.51933 10.4953 -3.60182 55.1991
-14.1524 -21.3305 -18.1065 -13.4845 -9.74315 -14.1562 -13.7273 -21.7455 -4.3791 -17.7113 2.75142 -1.50205 55.0434
-13.478 -9.2503 -12.817 -14.2981 -2.91609 -10.5304 -3.34817 -19.1656 -1.71119 -14.9553 -2.3599 -0.580572 50.7513
-18.1262 -10.4016 -7.49474 -2.74061 0.0776444 -10.641 -2.65273 -12.2198 -0.119516 -4.53391 -1.44134 -4.65438 45.7992
-19.5632 -14.0873 -8.15265 -2.98377 3.25059 -13.1181 -3.52983 -15.7402 -0.432651 -9.4365 -0.850701 -2.79412 44.6862
-19.8302 -13.3713 -13.394 -11.0514 -1.10111 -13.5424 -2.39587 -11.3212 -1.3319 -5.19973 7.09317 4.48779 43.7447
-19.1633 -13.0405 -11.9918 -9.66503 -4.69999 -12.174 -5.20969 -6.9012 -3.85852 -8.167 -2.14062 0.221052 43.3159
-18.6945 -14.2439 -7.8856 -9.11854 -7.86511 -16.1338 -12.4029 -11.2381 0.339245 3.68075 -0.783095 -0.556264 44.175
-18.332 -10.4674 -6.13143 -13.5295 -4.76214 -8.38886 -3.46675 -5.34525 0.364886 -3.76817 4.74347 -1.74866 44.4579
-15.3996 -14.2196 -10.1671 -15.8055 -4.00242 -10.1224 3.00482 3.06097 6.53254 -6.20642 -6.71627 -7.22636 46.6733
-11.9244 -18.5363 -14.324 -12.4988 1.72271 -6.88599 -6.27407 -13.0384 5.06265 -4.8613 0.308089 -0.916232 50.2081
-10.4309 -24.5616 -19.037 -15.6601 -8.98656 -8.43192 -1.60692 -16.5155 -5.17853 -7.19227 -2.50422 2.19375 51.0452
-11.6174 -27.6705 -13.3804 -7.91465 -2.8138 -1.99712 -3.13062 -15.4999 -6.48289 -8.29702 3.05981 10.3742 51.6092
-10.2213 -22.2431 -6.406 -4.97 -5.11377 -10.7152 -2.22989 3.4479 -3.223 -0.572682 -0.39051 -3.38011 50.2763
-8.46794 -20.9699 -9.92479 -9.26106 -7.09103 -13.4321 -7.33426 -1.7592 4.86687 -2.1728 -2.70913 -2.44023 46.9542
-9.55497 -19.0432 -18.703 -13.2093 -13.2346 -6.29883 -7.89157 -5.49212 -4.98401 -11.6072 0.550728 5.90517 43.2375
-13.0775 -11.0653 -10.5606 -11.7414 -19.7635 -3.51522 -8.61781 -7.86809 4.11425 -7.88223 -10.1471 -6.50354 39.0664
