-13.3587 -0.8481 -0.263539 -5.5205 -5.6654 -15.2388 -7.38351 -5.60074 -0.848774 3.47449 -10.5796 -3.15495 32.2169
-6.45176 1.47424 -1.2497 -9.02535 -10.0429 -18.9651 -12.1048 -13.7431 -12.9933 -9.34488 -7.40296 0.82105 38.0809
-6.93211 2.6575 -2.26389 -12.5645 -15.0052 -18.6323 -13.2606 -14.3633 -20.6987 -8.30997 -8.34325 1.11989 38.1256
-6.31875 5.571 -2.44603 -10.1059 -8.58987 -21.1653 -9.17374 -10.793 -16.6467 -5.46621 -6.69823 -3.50731 40.0955
-7.75459 4.12568 -6.1495 -17.4457 -9.62612 -16.3917 -6.66413 -8.00158 -11.5775 -9.72264 -9.5965 -9.67836 44.4059
-8.32162 5.42561 -9.3689 -21.2544 -11.5211 -17.3807 -13.9656 -7.00832 -3.42076 -11.9793 -11.3017 -8.11111 47.8813
-6.13001 2.57118 -6.14238 -24.3304 -6.71685 -16.2141 -9.00236 -8.61179 -5.83132 -8.90719 -11.6386 -7.77477 47.0756
-7.23532 3.63173 -5.15061 -22.7617 -9.79573 -19.9414 -9.09781 -6.37397 0.266849 -6.25869 -5.61014 -16.4463 50.2587
-6.55637 2.18527 -5.18225 -25.0085 -6.81952 -17.3093 -9.33043 -0.128986 -0.125596 0.32021 -10.2148 -16.0659 53.0999
-7.53023 0.00403166 -6.15008 -25.9989 -9.29261 -18.2417 -6.04571 1.77818 1.77607 -2.44248 -12.918 -15.783 55.3792
-7.52958 -3.62287 -11.7204 -26.5278 -7.35332 -15.0723 -9.74733 3.25302 2.29396 -4.06705 -13.8936 -14.4724 57.2803
-7.77444 -5.52296 -10.497 -27.6739 -2.18412 -10.6184 -6.28923 2.92068 2.83929 -1.66113 -13.3121 -12.2099 59.088
-7.82499 -9.05608 -10.4908 -28.8632 -0.253518 -10.1601 -5.57953 0.504127 2.76284 -4.22595 -11.8165 -8.85849 59.3296
-8.10378 -11.5923 -10.2344 -28.1656 -0.0134872 -6.06685 -6.53695 0.160954 3.51914 -7.84747 -8.52622 -5.25587 60.0973
-8.8185 -14.4998 -9.97703 -30.9953 0.0943019 -4.21691 -6.58302 -4.69242 2.1495 -14.5937 -8.03987 -5.91114 61.1902
-11.301 -15.5209 -10.7948 -31.0632 -1.20863 -1.08606 -4.73881 -7.69443 1.10141 -17.7285 -6.93904 -2.52041 63.2724
-12.3526 -16.0685 -9.43381 -28.766 -1.07232 1.91092 -3.14707 -9.27404 -1.10718 -18.1035 -6.184 1.68839 64.6553
-11.7027 -17.4663 -6.04329 -25.5712 1.32231 4.27743 -3.47599 -11.2579 3.77145 -15.0026 -7.61079 6.70212 64.8328
-11.0755 -18.5335 -5.14524 -23.8917 -1.39171 2.32335 -3.56415 -11.6157 7.17852 -10.2498 -9.53303 4.64097 64.3136
-9.97248 -19.3719 -5.17466 -21.5938 -3.07066 3.87249 -1.79126 -10.9831 6.86825 -7.09491 -9.09059 5.04737 64.0285
-8.95532 -20.977 -7.10993 -21.1145 -5.64955 5.13893 -0.833407 -10.85 2.67913 -1.15291 -10.3493 5.14372 62.6518
-7.40939 -20.6999 -8.03893 -19.5273 -6.61368 6.19449 0.962296 -11.3328 2.03958 0.268851 -9.91345 4.28788 61.0078
-5.30727 -19.9994 -7.01584 -16.1677 -7.15099 3.90148 3.74342 -13.8008 4.20781 -1.10374 -6.58582 3.5352 59.3865
-3.04764 -19.418 -9.98795 -13.5426 -10.7994 -0.551133 3.50873 -10.43 -1.60255 -0.296193 -8.68098 0.0404643 56.1545
-3.01485 -15.4375 -13.5017 -13.0564 -10.8845 -8.9171 -2.96067 -11.1982 -4.30981 -6.65102 -8.87763 -3.11476 52.9733
-4.37336 -11.4892 -9.89861 -16.2416 -14.434 -5.59485 -7.03294 -15.2763 -5.66589 -11.5313 -22.8702 -4.93649 49.1328
-7.62073 -8.42784 -1.79947 -8.10528 -7.06585 -4.46662 -1.28017 -9.61139 -2.09969 -17.2153 -21.9839 -2.49847 46.4217
-13.1679 -12.3942 -5.69577 -7.54304 -1.38309 -4.83276 -6.79445 -12.3162 -7.30895 -12.5343 -13.5443 -4.80627 44.8462
-15.1587 -14.1155 -9.14915 -8.51526 0.194136 1.78491 -4.35057 -8.93659 -2.55242 -14.377 -6.76578 1.29624 44.092
-19.4924 -12.9055 -7.17106 -7.32484 -1.07265 6.98157 6.95591 -10.8361 -4.8471 -15.0145 1.84308 4.37737 40.247
-19.2033 -14.1122 -7.01129 -13.0094 -8.09318 3.56276 -3.71448 -9.11333 1.01688 -13.4144 -2.76812 6.82826 41.1001
-19.5256 -11.5819 -8.87801 -12.3546 -8.67426 1.38012 -0.915659 -2.48273 5.32648 -14.7513 -3.05195 4.92305 40.4112
-15.6116 -9.82683 -6.08931 -10.5541 -4.11101 -2.57209 -3.61084 -8.43973 1.75622 -7.43307 -5.16044 -2.01275 42.295
-16.2652 -8.76991 -3.19653 -4.5924 -2.74671 -5.53768 -5.19304 -10.4551 -1.43425 -13.8059 -6.27922 4.3889 41.2584
-12.9187 -4.14821 1.79477 -5.7578 -8.6972 -11.4998 -7.10504 -8.05475 0.458455 -9.36833 -12.2701 8.0683 42.9406
-12.3329 -3.94827 4.09256 -5.25692 -2.51153 -6.78283 -8.23246 -14.0226 -1.83829 -10.3541 -3.18639 7.06208 41.9666
-16.4373 -10.5491 -1.79169 -6.05395 0.847201 5.56172 3.31546 -2.40209 6.14517 -12.7689 -9.44226 -4.93211 40.8485
-19.5385 -12.082 -1.52424 -10.8384 -1.75328 0.748763 4.81997 0.0598441 9.24865 -3.81082 -4.16571 1.12185 39.1666
-22.5723 -8.24793 -2.56165 -6.94843 1.55256 0.932826 1.68043 -5.4626 8.03282 -4.48067 -3.40833 6.14409 37.432
-20.4201 -13.4959 -7.52744 -10.2113 -1.10478 4.52878 -4.56375 -10.3136 5.7565 2.50287 -5.12001 3.35314 40.1318
