-16.4667 -7.32836 -12.1478 -7.62401 -2.54664 -9.11648 5.8844 4.08023 5.97834 -0.182157 4.02628 -3.73855 36.3974
-16.3239 -10.1321 -9.0996 -9.52591 -1.60061 -2.08539 3.08679 1.32956 5.66716 -0.650276 9.14485 3.63258 36.0951
-15.6408 -9.14267 -11.18 -9.41778 -0.391059 3.91427 10.5159 2.57001 4.51472 3.83675 -0.131161 -6.38191 36.7938
-14.1285 -4.28942 -9.98352 -13.9339 -8.85087 -7.73156 2.08168 -4.7586 5.16797 5.45105 5.1907 0.38347 38.4809
-11.1044 -2.99736 -11.4296 -23.3669 -14.6745 -13.5854 -5.44363 2.75922 2.11667 1.13643 0.804927 -2.09574 40.8097
-11.314 0.993366 -3.18473 -25.9692 -11.8856 -10.2746 -10.2417 -1.9803 4.80342 -6.39026 2.08498 -4.17346 45.0078
-10.2652 1.30853 -8.0002 -27.0639 -16.7759 -14.8888 -15.1102 -13.3794 6.85894 -7.24603 10.141 -0.220003 46.9696
-10.6981 -1.64808 -9.79605 -29.1523 -11.9065 -16.6803 -16.1661 -9.42688 12.5793 -13.807 12.6096 -0.947391 48.751
-10.615 -2.21224 -11.4206 -28.0234 -4.8939 -20.9679 -7.46695 -9.44003 9.08156 -6.61877 7.92255 -0.0507865 51.4883
-11.1751 -3.81325 -7.81668 -32.8986 -6.11334 -18.0514 -7.3392 -13.2676 14.2874 -5.63439 6.21678 1.74129 53.4846
-12.3464 -3.64175 -9.13839 -31.7622 -8.52296 -17.2555 -1.09244 -9.46134 14.4422 -8.45403 5.97517 5.63798 55.8786
-14.4299 -5.86882 -9.25524 -34.9249 -8.0886 -12.2296 1.29182 -12.2283 17.6839 -3.88152 -0.14585 3.7589 59.0966
-14.9063 -7.78335 -8.0054 -35.97 -9.07409 -7.32724 4.01461 -8.49104 15.0895 -1.38992 -3.12332 4.14983 61.5782
-13.1249 -10.5635 -4.87402 -33.0994 -7.07588 -3.16185 7.08822 -5.13131 12.8672 2.70235 -3.66344 2.87252 62.7507
-12.5288 -16.6817 -9.32933 -32.6885 -13.6235 -3.08426 2.59823 -3.01299 7.82134 2.00834 -9.9238 4.31812 62.396
-13.2348 -20.5115 -9.96819 -37.658 -10.4895 -6.88014 4.98484 -6.88001 4.27252 -0.703525 -13.0598 0.536755 63.2284
-10.467 -14.3668 -8.31444 -28.469 -0.60133 -2.56047 11.5218 -3.13163 0.715784 3.20218 -8.29082 4.35968 60.5371
-15.0614 -21.1665 -8.64092 -32.3689 -4.80748 -5.65209 9.86442 -6.90985 -0.169311 6.07907 -10.6549 1.36318 63.5999
-9.50373 -17.3685 -9.9769 -26.407 -5.58902 -1.25468 12.0699 -7.09969 -1.5858 5.64242 -13.0044 4.2818 59.4517
-11.7016 -20.8484 -14.7725 -27.5869 -10.038 -6.05889 11.501 -13.4996 -8.93946 7.71185 -17.5261 -1.54184 56.3123
-11.3959 -18.9524 -11.4881 -28.7766 -8.3321 -4.54311 7.24315 -8.76572 -2.22667 11.4127 -14.4561 -3.03322 54.5107
-9.22803 -18.0999 -10.4351 -27.6902 -10.5234 -3.26541 5.88712 -12.0696 -1.81932 14.1772 1.41307 2.19132 53.157
-13.7883 -16.0258 -6.02283 -22.6801 -0.70361 -6.53144 8.71721 -12.3971 -0.547488 9.33132 1.31369 3.41835 51.2618
-18.119 -13.5484 -9.11949 -21.3316 3.58002 -6.00991 1.35532 -9.70687 5.01166 2.9354 -3.21782 -2.17075 50.6454
-16.7403 -10.6788 -8.01146 -21.486 -0.347827 -14.6254 3.86372 -3.06463 13.0477 2.17508 2.38552 -1.96812 50.0084
-15.4736 -9.41709 -9.53049 -15.2912 1.2194 -10.538 1.07864 -4.87731 6.80357 -8.21641 -0.258461 7.22187 46.3479
-17.6861 -10.7315 -12.5993 -16.745 0.14471 -6.12941 8.98566 -8.65046 7.71563 3.46247 -1.60047 1.16305 44.9411
-18.7144 -8.46852 -10.4962 -13.6828 -2.59476 -14.0755 8.47818 -7.05241 7.81559 -0.377142 1.56835 -4.86046 44.2735
-19.6554 -11.6981 -12.1064 -16.379 -0.0769632 -13.8016 8.49298 -5.45666 13.076 10.767 0.557124 -1.44898 45.2043
-20.1018 -10.2164 -10.5126 -17.1325 -1.61136 -12.9782 6.34436 -11.4178 9.97455 5.56881 9.1941 1.21132 44.6178
-21.8489 -14.5228 -10.7392 -16.3838 -5.14934 -13.4347 0.427583 -5.52242 12.4381 5.2935 6.27538 1.53061 44.8251
-19.3056 -8.69145 -9.90281 -13.248 -0.735206 -10.6384 1.1115 -4.36157 8.51616 -4.49554 3.20726 -0.964823 46.9948
-20.0534 -10.0372 -13.7852 -21.5883 -6.1118 -15.5142 0.773319 -5.27244 8.43827 -3.30335 -1.43041 -2.46099 47.9651
-19.208 -13.7474 -12.0243 -16.3937 -4.82718 -11.344 3.97526 -1.73213 12.4824 -0.202684 2.66386 -8.14146 48.4384
-17.4378 -9.23907 -10.3012 -17.0062 -3.46139 -10.3554 -7.11954 -12.5913 7.73841 4.00513 4.58473 -7.47212 48.0529
-18.9844 -10.2454 -10.0993 -19.9838 -7.40309 -7.93352 7.9467 -8.42389 5.5193 6.2673 9.43913 -4.86841 49.1432
-17.672 -9.87983 -15.9343 -19.6671 -6.37093 -14.049 -3.74922 -7.76413 12.4041 0.321796 7.27121 -5.19441 49.4116
-18.8658 -9.9182 -14.0808 -15.6302 -0.551278 -11.7303 2.29171 -6.06355 13.0853 -6.37338 4.37358 -2.30279 49.8417
-21.148 -10.5524 -14.5462 -16.2083 3.74151 -10.5363 -1.55609 -15.2345 8.93777 -1.41213 6.08755 -0.970776 48.8179
-20.9648 -9.72443 -11.7591 -10.3714 5.61612 -12.5381 4.24599 -12.6777 6.09227 -1.12992 8.1342 -5.06149 48.1669
-21.3138 -11.1268 -10.4883 -15.0993 1.63016 -8.52237 6.27757 -0.70024 12.4253 -1.31892 4.28921 -4.17767 46.8134
-19.3185 -12.1514 -12.6286 -18.5401 1.36972 -10.4245 7.99182 -4.61203 14.5365 -0.829733 2.54917 -2.92802 46.4549
-19.958 -10.8632 -8.85839 -15.5862 -2.57473 -17.9983 -2.77464 -5.39246 16.8766 2.08518 7.51449 6.38341 44.0847
-18.6444 -11.1054 -7.29918 -18.9638 -1.97089 -10.5356 1.23729 -8.33117 6.86865 3.94304 -3.80992 -3.18016 43.0984
-15.8336 -9.5102 -4.78303 -11.2294 -1.39563 -5.84586 -4.14371 -6.03827 1.32593 6.28475 -2.77231 -3.58738 40.8941
-14.4247 -7.95238 -6.70386 -7.83233 1.77441 -6.43439 -3.93336 -8.8009 -4.08923 2.32798 3.33776 -2.57892 38.2967
