-16.6729 -0.87251 -2.56527 -2.01027 -7.56821 -7.87174 4.93225 -3.99971 -8.69511 7.09859 11.5504 2.54294 30.3946
-9.00014 5.51836 -12.7525 -16.1595 -25.6993 -18.7938 -0.251957 -7.78211 -3.4075 -14.7297 2.28255 -0.0462985 39.73
-6.48581 10.1535 -10.2812 -16.2372 -24.5917 -22.677 -5.40634 -15.4394 -5.38984 -16.406 -6.0323 1.624 40.2558
-6.01129 11.0122 -9.49902 -17.4077 -20.2569 -19.202 -6.07689 -15.1434 -3.69645 -9.46744 -1.15332 -3.19725 41.8782
-4.35184 9.62654 -7.73068 -13.8176 -17.0685 -17.6665 -11.417 -13.2022 0.225561 -4.55274 -3.93399 -6.07513 42.9411
-6.42541 9.29135 -7.77386 -17.4143 -17.1705 -16.382 -9.33421 -18.4276 -6.26549 -17.4987 -8.17359 -3.4215 45.0135
-8.22098 8.35661 -7.1901 -12.1612 -21.6709 -19.0227 -10.14 -14.4854 -13.5817 -20.5549 -5.23968 0.320863 44.6078
-9.24429 9.30871 -8.41916 -12.345 -19.7147 -23.6276 -10.2781 -19.9976 -10.9975 -16.1094 -6.27249 -2.2124 46.0604
-10.1711 10.5055 -7.68835 -14.7053 -16.6112 -24.7184 -10.4772 -21.0314 -6.83958 -19.3225 -4.6044 -2.87269 47.6355
-9.30864 9.67148 -9.18881 -11.3312 -16.689 -19.9577 -11.8049 -20.2394 -8.52806 -15.3062 -3.07151 -4.35592 49.1942
-9.48964 10.419 -11.3772 -12.8186 -14.6533 -19.9195 -12.4389 -17.4116 -9.38346 -14.934 -8.23086 -0.0861305 50.3084
-11.7868 11.3328 -12.0019 -22.6164 -22.5182 -21.0213 -6.96317 -22.9958 -14.7654 -16.401 -9.40203 -3.33228 50.4794
-11.0464 12.4315 -13.1257 -17.0677 -15.6418 -21.997 -6.4362 -13.874 -5.4863 -12.3329 -14.0941 -2.44543 52.9592
-11.6476 10.7317 -11.2515 -17.473 -14.6543 -24.0839 -1.6446 -7.22889 -7.19046 -13.7772 -12.258 -3.3322 54.6862
-10.985 9.609 -11.199 -19.0389 -12.204 -20.9786 -1.67532 -2.62194 -6.52831 -12.5902 -14.35 -6.78095 55.8979
-10.7681 6.46603 -10.6378 -23.539 -9.77348 -19.3682 3.37972 0.671322 -10.6832 -12.004 -15.992 -6.20547 57.8285
-11.9606 2.0245 -14.2331 -28.1258 -7.78786 -17.1996 0.825846 -1.20335 -10.4341 -15.7642 -14.8034 -5.31457 59.5902
-12.8543 1.44733 -15.355 -27.0988 -7.34606 -16.4201 -1.58586 -3.91887 -14.4861 -14.4413 -11.9909 -7.15557 59.969
-11.5751 0.346292 -12.2658 -24.2532 -1.15822 -15.8125 -5.52189 -5.11514 -12.1773 -12.7891 -5.5523 -3.06314 59.7488
-12.0222 -1.9929 -11.8747 -24.0049 0.00784101 -16.5941 -7.94907 -7.86456 -13.9633 -14.9989 -0.00286705 -3.77765 59.7009
-11.9315 -5.90582 -13.3931 -23.9333 2.24245 -15.7689 -10.3004 -13.761 -15.6991 -15.7125 1.41065 -6.55214 60.0586
-10.7306 -5.55258 -13.7568 -18.8172 5.82664 -10.2567 -11.0441 -11.6002 -12.4268 -15.5011 7.32808 -6.01863 60.2052
-10.5387 -6.29035 -12.4899 -17.752 5.25701 -9.03033 -11.4459 -13.8638 -12.0138 -9.88498 4.83765 -8.2309 59.4659
-12.1791 -6.84095 -10.0583 -20.5337 3.37448 -13.6717 -13.711 -9.78967 -11.0304 -11.824 2.09085 -14.9551 58.9617
-12.3091 -8.9041 -12.0984 -21.6643 -1.02034 -13.649 -16.8768 -10.7079 -15.0313 -15.655 -1.15872 -21.5333 57.9432
-12.2269 -9.4065 -12.1651 -22.2855 2.07954 -10.5114 -14.1194 -13.7829 -15.1997 -6.91409 -2.91772 -17.6805 58.6295
-11.0222 -10.0862 -12.0824 -22.4284 6.85866 -7.7031 -19.2726 -12.493 -9.9172 -9.0138 0.546797 -17.4261 58.2087
-9.96766 -6.93788 -16.2498 -21.3858 9.87115 -12.0752 -23.8045 -8.73585 -8.70617 -17.4693 2.56392 -18.9712 55.063
-9.66667 -4.26096 -12.8508 -13.0127 6.26624 -8.52197 -16.7236 -6.44465 -7.29278 -13.5351 2.68809 -15.8731 54.366
-13.1272 -6.24692 -11.1083 -17.5865 7.87836 -6.81307 -23.7238 -9.39862 -9.71952 -18.7981 -2.48326 -14.8443 54.4069
-14.1244 -6.8427 -8.32578 -13.0404 3.54706 -13.7381 -30.6686 -11.5477 -11.6037 -24.0341 6.06342 -12.5757 54.3492
-14.349 -5.11539 -5.10177 -8.26828 2.75618 -12.7206 -28.2603 -5.69157 -5.39584 -10.307 8.71919 -3.98263 52.6428
-8.15364 -8.75564 -11.9735 -24.3985 -7.9149 -3.48736 -24.2925 -2.24287 -6.00606 -9.96916 7.61164 -5.90873 54.3396
-7.07346 -16.4415 -5.73305 -18.4899 -7.51308 -11.0785 -12.6403 -6.24169 -4.3459 -6.90581 0.406373 -9.65403 62.1955
-8.90809 -15.1325 -0.799625 -15.6974 -8.48074 -17.0203 -14.8629 -16.5555 -5.48064 1.34791 -1.25212 -2.82745 67.9184
-13.2613 -17.6732 -2.55371 -23.1858 -10.8601 -9.80637 0.383915 -9.99054 3.06106 -3.92966 0.108654 -3.92211 69.3041
-6.87072 -16.2116 -1.65731 -15.7663 -8.3692 -0.38914 -2.34715 -10.9955 -1.41986 -5.95408 0.85206 -3.07587 64.8252
-3.69725 -10.9173 -10.9435 -12.2626 -6.68611 -4.42861 -7.34751 -9.28446 -2.29099 -6.4442 -4.14 -6.5054 58.5912
-3.64981 1.26532 -12.0024 -11.0327 -7.59517 -9.2913 -10.4537 -5.92703 -3.51302 -12.3697 -7.50095 -8.19667 55.2388
-6.96295 4.71441 -11.7603 -9.1778 -8.67617 -3.67642 -6.21995 -6.66944 -2.29118 -8.62306 -4.54764 -8.90169 49.2648
-8.32495 4.56901 -14.0201 -17.3997 -16.0081 -6.53346 -11.8616 -6.98476 2.08256 -15.2844 -0.760753 -2.24229 47.2034
-9.78246 5.71647 -9.92464 -18.3549 -10.885 -0.774365 -8.18224 -10.7737 -1.14185 -9.79647 -6.74652 -1.69318 45.5983
-11.5751 4.98162 0.751395 -6.73371 -5.41102 -3.72284 -15.1883 -12.4741 -10.6216 -12.3678 -4.54465 -6.23563 43.1646
-15.0789 7.14502 -1.30768 -8.95083 -8.88902 -7.24597 -22.7714 -12.123 -3.85993 -12.4188 -4.65404 -6.21696 40.9406
-15.3471 2.98757 -6.75613 -12.9121 -13.1832 -1.05904 -8.83018 -6.02586 9.00063 -5.34186 -7.81773 -3.53055 40.2648
-13.2585 5.36177 -1.2485 -17.7499 -21.3821 -8.80374 -10.8577 -5.70302 2.38059 -4.12467 -3.90071 -1.18041 41.3937
-12.357 5.61692 -2.05804 -11.2707 -13.6321 -7.0143 -12.7138 -5.86903 -10.0832 -15.3758 -6.37153 3.82391 41.4788
-13.044 3.35116 0.320841 -6.96244 -15.8156 -5.26458 -17.5389 -10.2393 -6.82999 -5.46309 -14.7286 -4.83031 41.5007
-15.4616 1.30205 1.79117 -9.07029 -12.8572 -1.38545 -10.7826 -5.75721 -3.4409 -11.9472 -4.23823 -0.613961 40.1021
-14.3437 4.64214 -3.03574 -15.0296 -11.2562 -3.14534 -13.5241 -16.005 3.26749 -14.4927 -6.08285 -4.18347 40.1497
-14.4924 2.74314 -2.65934 -13.2091 -13.8594 -5.70576 -12.4572 -10.8594 -0.118666 -7.84012 -7.0394 -1.58455 40.5371
-14.4576 2.78903 -2.94447 -17.121 -19.3037 -9.92244 -16.7159 -10.006 -8.50958 -9.56951 -4.21943 6.45105 41.2615
-14.8267 1.12357 -4.08331 -12.1671 -9.78496 -5.53574 -12.8154 -13.5542 -3.79993 -10.3297 -5.6882 0.0954512 40.457
-16.683 -0.0201872 0.461092 -7.43623 -3.9488 -0.436433 -9.62066 -15.1451 -1.84265 -6.77882 -5.65896 -4.43477 39.3841
-17.1051 -0.756111 0.922127 -6.87652 0.114432 -0.539824 -9.88811 -9.93862 -10.4553 -5.59948 -8.90079 -0.434261 40.4057
-13.3438 -1.42019 -4.33499 -14.9454 -6.36199 -0.989805 -7.00261 -6.43559 -0.880678 -4.00257 2.46284 0.213233 40.9842
-12.5515 -5.66073 1.79263 -14.5574 -6.90229 0.138918 -13.4554 -17.1923 -2.00222 -1.15457 -3.38022 -1.98574 38.132
-6.68207 1.46523 1.65344 -14.3448 -21.4171 -6.78026 -11.6304 -14.5698 -5.09538 -6.64321 -11.4667 1.8448 38.8083
-8.52633 2.93258 1.42239 -4.61848 -10.89 -7.08176 -10.1424 -12.3183 -12.4739 -6.05902 -1.08254 3.10204 36.8881
-11.5681 -0.0217444 2.06743 -1.91325 -8.75077 -1.57076 -1.44486 -11.559 -12.3933 -7.36544 -1.78768 -0.745883 34.4467
-10.9404 -0.21725 4.57271 1.05815 -10.8853 -6.53056 -7.65349 -11.8582 -19.0576 -7.39581 -10.7404 -4.41953 33.7739
