-16.4537 0.0832764 -9.60209 -10.284 -1.73349 -18.5184 -12.5904 -5.59412 -4.14669 -4.34665 -4.10158 -5.20162 35.146
-16.6216 5.02761 -11.2552 -21.6651 -1.56207 -20.9233 -4.54582 -1.59224 0.0229997 -7.08663 -0.168999 -9.22265 41.5219
-14.1242 12.3614 -11.5253 -26.7808 -5.43135 -26.5741 -14.4714 -4.64036 -1.22522 -9.50261 -2.00878 -13.522 47.2571
-13.4004 8.14942 -8.95088 -28.6878 -2.3856 -20.2384 -7.90043 -7.46244 0.305505 -7.9712 2.5296 -9.0235 48.7668
-16.3159 6.05981 -8.40821 -25.4025 -6.70465 -29.9219 -9.94993 -6.45214 0.184174 -6.47844 2.97486 -11.0754 54.7949
-17.9179 2.15081 -6.40159 -23.143 -7.63377 -36.0732 -11.8711 -7.87708 1.50407 -4.14776 2.36485 -13.0988 58.4596
-16.7757 2.33827 -4.88224 -25.5419 -4.89029 -30.5802 -9.91097 -4.65103 5.36705 -3.21948 5.11999 -8.09906 60.8124
-15.3736 1.18762 -9.05825 -34.2362 -7.90497 -29.0065 -10.8477 -2.61659 3.83991 -7.00162 1.49221 -8.02915 60.621
-12.6143 0.440118 -8.11144 -37.7425 -5.50058 -19.6455 -6.65944 -1.91564 4.53281 -3.89985 -1.88518 -4.18462 61.3844
-12.3131 -6.53888 -6.35518 -33.7584 -6.50972 -22.4864 3.41785 3.91376 -2.1635 -4.74887 -3.95299 0.738423 64.1354
-12.266 -8.27905 -5.10066 -33.9359 -5.16458 -11.4279 5.31613 -1.18269 1.9732 -8.98784 -8.96713 -0.90766 65.7969
-10.3477 -10.911 -6.73342 -27.4616 0.149056 -5.61071 7.07998 -5.75221 2.85655 -8.29723 -5.03252 0.063767 66.8088
-12.1597 -13.3722 -3.67377 -29.0532 1.88333 -3.6012 10.2712 -7.07916 -2.96575 -8.32676 -12.7175 6.85379 67.7682
-12.6061 -13.9135 -3.93708 -28.3748 3.07338 0.603877 9.7889 -12.4057 -5.25047 -1.56362 -15.4888 3.43185 67.8538
-11.7716 -15.0635 -7.11228 -25.8159 4.61238 -1.41802 8.29207 -14.8937 -7.12986 2.14367 -12.5714 2.43045 67.3663
-12.0926 -16.5318 -8.56791 -28.2975 4.73731 -5.70363 7.51773 -20.1087 -9.97941 2.83023 -12.7068 0.496517 66.4227
-11.7032 -18.8192 -8.24244 -27.6489 2.46987 -4.91921 4.57559 -19.4382 -13.0638 2.68124 -16.042 1.55815 65.5066
-13.2074 -16.708 -9.65901 -24.8456 1.80943 -4.15696 4.16017 -20.7793 -11.8874 -0.946373 -13.9012 -2.70328 65.5055
-13.7862 -17.1961 -9.0133 -22.0547 -1.28566 -7.75484 7.57954 -25.6766 -11.016 -0.164817 -12.7042 -3.82204 64.8713
-13.2021 -17.714 -8.39491 -23.0788 -2.07785 -9.36205 9.16605 -28.4441 -8.85308 3.07922 -11.7068 -3.24903 63.5176
-11.5445 -16.9166 -7.82351 -22.4311 -1.79014 -9.25635 8.26578 -26.7764 -5.23032 -0.621663 -5.57649 -5.73864 61.0577
-12.6196 -15.747 -4.81847 -11.4581 -2.5393 -11.0675 6.81193 -19.2885 -0.826408 -2.131 -7.44324 -10.9359 55.2546
-18.1396 -16.7654 -10.6227 -22.3609 -0.346645 -8.358 2.67216 -18.9179 -5.58342 1.39415 -3.77915 -4.37554 52.2319
-19.1207 -10.957 -8.83369 -22.3742 3.03975 -12.2828 -3.16002 -16.513 0.14945 -4.12781 -5.53547 -3.18818 51.6822
-14.83 -5.07841 -7.05409 -21.4488 -6.81741 -17.7688 2.73066 -7.90241 -0.83972 2.82131 -1.50413 -2.61267 51.0207
-10.7194 0.587373 -3.02062 -16.7662 -8.41552 -16.0415 -4.50118 -18.883 -15.312 -9.0026 0.207968 0.661723 49.0974
-9.95605 1.46007 -1.8102 -17.9571 -12.9206 -18.0081 -9.95262 -22.3544 -7.22461 -10.1461 -7.22602 -8.45527 48.2548
-13.8201 -4.4391 -2.91041 -11.5685 -5.33085 -13.1347 -2.6201 -21.402 -11.9476 -14.9841 -3.10813 -0.327235 46.9886
-18.1335 -5.13649 -4.10073 -7.87428 -5.06958 -9.95148 0.860611 -8.7564 0.166814 -14.0164 -3.56106 -1.92844 45.8327
-21.0586 -7.0509 -6.45127 -15.7228 0.0218353 -10.6304 1.3279 -9.20746 -4.81109 -18.6295 -8.79299 -9.45347 44.0826
-22.3752 -7.18544 -11.2193 -14.3799 -0.524009 -5.44283 3.831 -10.3044 -3.10714 -1.78016 0.913321 -5.52479 43.1237
-23.1171 -6.3517 -10.1384 -15.1459 -3.41646 -11.7908 -0.132794 -8.04574 -0.222132 -4.73949 4.12476 -5.08379 41.9744
-22.5237 -8.08277 -8.77109 -12.7735 -4.93061 -7.15499 2.95788 -11.2883 -1.32032 -3.62178 0.723422 -9.76388 43.175
-21.7073 -0.864688 -5.79114 -11.1693 -7.69735 -15.0709 1.23168 -12.889 0.751214 -6.62929 -2.69304 1.10653 41.1204
-22.6052 -5.99212 -12.807 -11.5232 -4.2842 -10.1177 9.56903 -9.93077 1.39168 -3.05402 -0.142691 -4.22737 39.6704
-22.4571 -2.01124 -7.61702 -13.9799 0.912801 -7.57377 8.72241 -6.31879 0.735875 -3.34746 0.544518 -3.30767 40.2782
-23.8437 -3.94149 -13.5775 -14.1432 0.133338 -15.461 5.48834 0.227133 -2.31733 -3.26268 0.0613218 -2.85127 40.8595
-24.2427 -3.65411 -9.87727 -12.836 -7.05924 -14.5492 -3.46394 -17.0443 -2.74377 5.28094 8.86841 1.86949 41.9355
-23.9181 -0.434496 -11.6678 -7.97272 1.47215 -9.39811 7.44431 -13.5025 2.12293 -2.53763 4.64447 -5.92644 40.4347
-25.0901 -1.42755 -7.60265 -7.81929 -3.06264 -10.8659 9.11509 -5.25912 3.94168 -15.8146 -4.43677 -7.28602 39.8468
-23.3732 2.19383 -9.06033 -10.5564 -4.90989 -18.8792 8.76882 3.83747 4.69545 -5.90508 -5.47405 -8.71539 38.8553
-26.1945 -1.24771 -8.20698 -10.7681 -6.21249 -19.3035 -3.54737 -1.50114 -2.24067 -0.374747 -4.2861 -3.69639 39.7622
-24.4331 -1.57699 -10.6189 -8.93538 -4.05499 -14.8244 1.75235 -7.0934 -0.930389 -3.33587 5.55828 -1.29817 40.3855
-24.6308 -3.10563 -8.05743 -4.67724 0.764832 -6.71546 10.3247 -5.25326 -2.98192 0.662354 4.97541 -13.063 38.8751
-24.9726 -2.60977 -7.30359 -5.13569 -4.86711 -16.3349 4.70622 -4.1899 -3.484 -1.22497 9.20097 2.96755 39.6656
-24.5015 -0.438198 -7.40115 -6.33652 -7.61921 -24.5765 2.56021 -18.0625 -4.51831 -1.00515 10.7407 -3.00533 39.288
-23.5938 -1.53991 -9.36251 -14.443 -9.2995 -14.7704 4.28957 -21.7601 -5.97246 -2.57119 2.49854 -2.93612 38.4044
-22.97 -6.82648 -10.1667 -10.2945 -3.09017 -14.3842 11.4969 -14.9701 -5.01196 -0.200411 -4.017 -13.7447 39.0701
-22.8407 -8.66073 -5.44286 -5.88443 -11.693 -15.1128 7.23646 -17.9664 -10.255 2.77614 3.1521 -8.07637 38.2233
