-17.1267 -2.36396 -3.97951 2.65288 -4.22803 0.917868 4.28705 -8.05177 -12.7929 -9.36407 -9.83796 -5.40349 30.9408
-9.92149 6.60496 -0.652258 -5.95009 -8.58539 -16.0741 -2.49781 -3.59698 -8.54783 -3.34814 -12.31 -0.474403 35.7924
-6.78065 11.7771 -2.72273 -13.3047 -13.5867 -18.4862 2.31566 -12.5708 -15.0184 -5.49793 -12.3891 4.99862 40.4145
-5.7498 10.7775 -4.4814 -14.7465 -10.1346 -24.1999 3.16304 -5.1217 -6.444 -0.464922 -13.4653 2.38658 41.0997
-7.18634 13.9475 -7.25226 -14.678 -6.63948 -23.9965 2.92395 -4.37928 -10.8181 -0.881017 -3.39692 -1.44872 42.2334
-7.06514 15.4072 -6.22866 -17.1144 -3.16445 -26.9526 1.09906 -8.53969 -6.69238 -0.763497 -2.28032 -6.49237 41.6115
-7.67771 16.0374 -7.03932 -17.0323 -6.98497 -19.4967 2.33353 -10.0486 -10.7302 1.08413 -3.00663 -2.78662 42.1604
-7.73526 17.0724 -7.47173 -16.523 -3.60509 -22.6822 3.33371 -4.09392 -14.9176 0.669989 -3.0896 -0.533725 42.3933
-7.58092 14.4492 -7.61939 -15.3398 -2.75742 -20.8511 -1.89274 -7.79688 -6.53751 1.5922 -8.88171 -0.780193 43.1876
-9.83619 15.8349 -3.52123 -22.3546 -2.02919 -17.8728 -1.05759 -8.48129 -7.27911 -4.43915 -4.26791 -0.71846 44.3062
-9.00768 16.7442 -3.39403 -22.7638 -0.506544 -18.9316 -0.0565735 -7.79004 -3.13769 -3.73375 -4.2375 -3.26642 44.7598
-10.4695 17.0808 -6.44662 -24.4816 0.0885674 -20.544 -0.629091 -10.4463 -7.42418 -3.65994 -0.0109984 -5.5543 46.5638
-11.133 14.2965 -4.57194 -24.306 0.0367358 -25.8748 0.0521318 -7.43503 -6.36815 -4.11224 -4.0801 -1.711 48.6499
-11.9399 11.9677 -3.7901 -25.7007 -2.82451 -29.5492 2.53257 -5.07238 -8.0304 -3.26827 -3.24046 -4.85314 50.7823
-12.4147 12.0321 -3.74673 -32.3213 -0.608901 -25.6529 2.07697 -5.21254 -5.07434 -2.64348 -4.46297 -7.57495 52.3943
-12.9476 8.47563 -3.23411 -31.8488 -2.60051 -27.9463 2.31216 1.84344 -5.7832 -7.40475 -5.31506 -8.56977 54.7244
-12.9643 7.26889 -2.44714 -33.0119 1.07948 -26.0476 4.17102 6.09189 0.831277 -7.86619 -7.32 -8.37422 56.8792
-13.3526 4.21691 -4.08367 -33.6938 2.42036 -21.212 1.84789 6.57302 -0.695219 -10.5763 -7.63393 -7.93005 58.6105
-13.1557 -0.287866 -2.80514 -34.2617 5.20212 -18.7139 1.74014 4.2518 -2.64347 -15.188 -4.61543 -6.80429 59.4225
-13.0583 -1.9207 -0.7229 -33.1917 7.50674 -15.156 4.4461 0.737711 -2.05215 -16.2825 0.950856 -3.48193 60.2319
-13.696 -3.9972 -1.66606 -32.6293 7.52735 -10.2665 3.62538 -2.29128 -2.80079 -16.2674 -2.85362 1.82008 61.4509
-14.2322 -7.54469 -4.56696 -34.1334 6.99703 -9.63544 0.374673 -6.24817 -6.69667 -17.1674 -5.91908 2.99987 62.2191
-14.3387 -10.0039 -3.06595 -32.4843 7.76832 -10.6306 1.07944 -11.8621 -4.90474 -15.3416 -4.40234 3.68529 63.167
-15.2424 -10.513 -1.64653 -29.0082 6.9733 -10.1902 -1.43147 -14.1128 -2.02808 -10.5296 -5.84084 4.58254 63.3746
-14.5796 -11.826 -2.14206 -27.5547 8.41635 -10.0375 -0.645879 -17.7177 -1.15712 -7.91571 -4.22121 6.82296 63.4978
-14.7307 -12.5664 -1.75683 -25.2023 10.3191 -7.94861 -0.0392594 -16.5246 -0.239812 -3.84278 -5.02168 10.9625 64.4732
-13.7991 -15.2328 -0.203476 -25.562 11.4841 -10.038 4.0595 -20.7637 1.00868 -6.7045 -3.19958 6.45531 64.2849
-14.6679 -14.6645 -1.52426 -24.1717 6.8459 -10.0988 2.20329 -22.0123 -2.18904 -5.17179 -6.1923 5.94715 63.9872
-12.6958 -12.5884 -0.459981 -20.0629 5.18631 -8.35652 3.05805 -19.9931 0.141293 -1.75383 -7.54515 7.82433 61.3616
-12.9071 -13.0728 -0.854645 -19.0955 0.186387 -9.09139 0.883016 -19.8426 -1.24154 -4.5418 -9.29295 3.71467 60.8308
-11.0751 -12.2528 2.4668 -21.3975 2.5402 -12.4844 1.22499 -19.4694 -1.51491 -4.7636 -6.53129 3.2749 58.0914
-11.0775 -10.837 1.31456 -18.1928 2.51776 -13.423 3.20592 -18.7303 -1.73386 -2.52272 -7.21553 6.54356 57.0175
-9.72746 -11.3705 2.402 -16.9575 1.46259 -13.3449 3.41144 -18.4811 -1.7264 -2.03697 -8.67619 4.59456 55.85
-8.56974 -9.29501 3.0537 -10.966 1.38532 -11.1484 -0.0731062 -19.7482 -6.36067 -1.70342 -9.35915 10.4037 51.9071
-8.91309 -6.86051 1.26373 -11.1092 2.71092 -9.67044 -2.5587 -17.0956 -3.57672 -5.60473 -12.5424 9.34482 50.8666
-7.82324 -3.03601 2.50745 -10.0126 2.58962 -9.67347 4.02343 -14.3597 -7.8623 -5.03397 -8.63706 5.17529 47.1875
-10.2867 0.934866 6.27177 -7.41774 -5.00608 0.396622 1.56786 -13.8743 -0.863916 -6.5869 -10.1531 2.34737 43.9316
-15.7205 -1.10922 7.72625 -8.98125 5.87365 6.44198 3.00225 -9.26545 5.23793 -11.8171 -11.3183 3.0343 42.3152
-18.4829 -1.44758 0.428339 -12.8328 9.52337 -2.52324 2.73505 -3.59803 -0.912354 -4.95866 -9.42858 -1.58822 42.0499
-23.8758 -7.86138 -3.03099 -12.773 3.52726 -4.04032 9.24409 -1.4584 -0.06482 -5.34974 -5.79283 0.238226 41.3479
-25.6506 -7.32712 0.314596 -15.0057 0.34923 -11.8382 0.860766 -13.4418 1.8798 -1.20837 -5.80509 2.8722 40.5238
-22.2953 -4.93344 0.162491 -13.7623 1.05941 -8.69702 5.33416 -5.4935 -2.63261 -7.01951 -10.6875 -1.74608 41.2666
-17.6209 -0.620644 1.80912 -11.0218 5.17893 -11.3248 -2.48123 -18.3727 -5.15155 -2.55171 -2.41136 3.87476 43.2103
-16.7266 -1.70474 4.61003 -3.37155 5.71473 -7.49959 2.55877 -4.53038 -1.45686 -3.92478 -2.42577 5.95728 41.7772
-17.0328 -3.4385 2.36379 -7.5983 10.3843 -5.29258 5.2089 3.5808 -1.23006 -5.87116 -2.39477 -1.37178 41.5444
-17.7723 -4.02442 2.18161 -6.04753 11.6227 2.3293 2.76538 -4.18845 7.436 -2.55354 -5.88834 2.33679 40.0144
-19.5424 -2.54268 2.43427 -7.36193 7.18921 -0.410634 6.94516 -5.71371 5.02106 -5.97982 -8.15526 4.30958 39.3303
-19.8879 -2.56758 7.82823 -7.21778 4.31748 -2.4001 4.90906 -2.81469 1.86857 -0.798168 -12.6392 -6.82371 38.481
-21.3207 -3.40536 5.20481 -9.10183 3.43339 0.633579 -1.47489 -2.12556 4.76906 -5.3998 -6.48389 -0.0367072 38.6685
-23.3688 -6.6235 -0.880165 -10.5459 0.942884 -5.05199 1.15036 -0.554758 8.10245 -0.261155 -7.36339 -1.02214 36.9148
-21.9244 -7.92919 0.774543 -6.17342 6.58409 -3.84038 4.61973 4.8411 2.31243 -11.5957 -7.97967 2.68821 37.3014
-22.1652 -7.33137 1.4524 -6.53546 8.08136 -4.69476 4.29817 2.0243 10.317 -2.32496 -2.95918 2.21692 38.101
-23.1692 -9.32243 -1.07091 -11.9667 8.95753 -4.49845 5.07481 -2.52959 7.37989 1.34638 -8.02059 3.71629 38.6874
-23.9586 -9.53202 -3.58524 -9.09627 15.4057 -8.21782 1.51893 -5.04474 6.82344 -0.585018 -1.41329 0.504389 38.7696
-20.9698 -6.51718 -4.20714 -8.865 9.94905 -2.99663 -1.50055 1.4713 12.1496 -1.05393 -3.35938 0.707176 39.5733
-24.2954 -9.10597 -6.78777 -18.5753 8.01739 2.1291 6.81685 0.0237114 7.77528 -10.6698 -2.09996 5.28659 40.8415
-23.0258 -13.024 -2.98556 -22.6972 6.16236 5.8228 7.58186 -6.79997 5.00132 -7.03769 -1.49728 7.27626 41.1253
