-10.5565 2.38034 -5.30683 -15.3153 -4.01283 -17.9208 -16.8634 2.24137 -8.32807 -1.45883 1.92806 0.988432 38.3225
-11.7871 4.39752 -2.10174 -20.4379 -6.96479 -22.9982 -15.5028 -7.04793 -7.60454 -0.813548 1.0368 -4.16983 43.7784
-10.9112 2.82546 -6.19659 -23.594 -7.64451 -19.8615 -12.3156 -4.25336 -6.90473 -1.24825 3.78217 -4.94538 49.7236
-9.8016 6.58555 -6.11682 -26.4955 -5.32704 -27.4627 -16.3216 -8.41549 -12.5594 -5.90944 1.32664 -6.28779 53.8578
-11.3607 2.63297 -6.38785 -30.4168 -10.7348 -26.0683 -19.6222 -11.0815 -6.84433 -8.27815 -0.90475 -7.41376 58.9049
-11.0073 0.565186 -9.339 -30.3777 -12.8046 -24.3381 -18.2509 -10.7719 -5.52369 -5.43985 6.37769 -6.7865 61.9413
-11.498 -1.62007 -9.6093 -31.4116 -12.2647 -16.4981 -16.2613 -7.607 0.52089 -4.58072 3.11053 -4.84057 65.445
-10.5805 -3.70817 -4.90275 -31.6984 -9.38686 -12.123 -10.1062 0.437786 0.588735 -1.2957 -0.752847 -4.38787 68.4914
-12.0857 -7.18247 -6.27085 -33.5721 -10.3264 -10.9569 -7.39342 -0.739399 4.73994 -6.1941 -2.85031 -4.10421 70.4141
-11.6143 -9.77032 -8.51245 -32.5742 -11.5418 -6.50154 -5.56622 0.822835 3.43283 -5.48239 -6.49665 -2.26202 71.4407
-11.8796 -11.8771 -9.30063 -33.4281 -12.9453 -4.2581 -3.29812 -1.78959 -0.858573 -7.73478 -8.66774 -0.810336 71.7537
-12.6424 -14.8663 -9.57753 -33.2331 -14.8158 -2.93255 -6.93791 -5.75988 -4.71018 -9.91051 -14.0598 -1.85796 71.7352
-10.2999 -14.23 -6.60638 -29.3005 -7.88023 5.24646 -2.57279 -2.64883 -6.51864 -3.05265 -11.1625 1.82358 72.3512
-9.57157 -16.2537 -7.57248 -28.6264 -9.0019 9.05978 -0.13827 -6.32446 -10.2207 -0.710429 -10.2114 4.38443 72.0784
-8.31248 -17.4555 -6.99141 -24.0113 -9.67152 8.71125 1.50906 -4.68933 -11.3669 -0.220258 -12.0928 1.45731 72.0778
-8.06973 -17.7373 -10.6713 -21.9234 -9.28568 4.95858 1.9764 -10.0235 -11.272 -2.07406 -9.88392 -2.13045 71.0649
-8.21123 -15.4078 -17.6369 -18.8784 -9.2447 1.46557 4.38865 -12.5504 -18.4059 -2.35345 -7.22806 -5.14503 69.7135
-7.84511 -12.1485 -15.4672 -17.7807 -6.17599 2.3162 7.42996 -6.74679 -19.4258 0.80214 -3.35849 -7.68828 69.5622
-6.67265 -11.2418 -11.5604 -23.3333 -2.02098 -3.16447 7.75176 0.686489 -18.4497 0.621452 -9.62208 -3.5151 68.4196
-6.30194 -7.03571 -12.7307 -21.3173 -10.9044 1.90944 8.92389 -15.3987 -15.846 8.90816 -7.27873 -10.4994 65.2199
-6.21054 -13.7929 -6.39047 -19.5339 -11.0726 1.13422 -7.22269 -15.6925 -16.6179 -6.18893 -18.7133 -8.65424 58.875
-6.2294 -15.6422 -13.9051 -13.3102 -4.56727 1.6813 -7.46071 -7.00271 -0.0331964 -8.59559 -2.8287 -8.63089 57.4418
-7.92596 -7.09832 -8.32207 -10.3166 -10.7782 -7.73201 -2.02733 -10.7154 -7.66636 -14.5154 -1.81974 -10.322 55.9802
-11.6174 -0.896922 -2.78602 -7.45345 -1.65661 -3.16257 -4.33182 -11.4172 -6.46767 -19.0711 -10.9387 -5.63229 50.7638
-18.8133 -5.55461 -4.93902 -6.35917 1.80401 3.70765 -0.304329 -4.98189 -1.01657 -14.4899 -4.72847 -0.261759 48.0916
-19.3758 -7.68523 -7.30138 -17.8236 -2.05142 -2.5578 -7.27678 -10.3958 -0.639129 -9.65165 -2.12316 -3.83081 47.979
-19.6628 -10.0451 -10.6442 -21.5487 -3.25897 -3.33936 3.08686 -14.7362 -1.73753 -3.10678 10.9051 2.53218 48.3877
-20.5411 -9.28024 -10.6893 -18.8778 2.08866 -3.13608 -6.00078 -14.7522 -2.23951 -10.3074 -2.44459 -2.64861 48.2284
-19.7377 -9.2775 -7.94897 -12.7644 0.426408 -10.5647 -5.83694 -0.755402 1.19326 -4.20658 4.59977 1.03015 48.172
-21.417 -13.9834 -7.29184 -11.4324 2.16794 -7.58056 -9.83102 -3.79083 -4.31146 -5.97346 -2.79359 -1.00126 48.2869
-22.4103 -8.04496 -6.56389 -9.17074 -1.71579 -1.27738 1.85306 0.826415 8.32692 -4.41883 -1.4737 0.107109 48.9572
-20.7565 -11.2086 -13.7517 -15.6532 -7.36789 -7.27879 -2.04265 -4.12807 -1.38096 -2.47825 -1.52646 -1.48983 50.444
-20.2118 -8.94983 -12.8265 -12.4845 -8.35655 -6.07616 -5.10914 -7.57825 -0.366688 2.16109 6.25744 -0.529735 49.797
-20.1211 -8.22645 -9.33412 -13.4365 -5.83197 -5.34256 0.91915 -3.19827 -3.08435 -5.99422 5.19772 0.887733 50.3127
-21.2598 -6.89179 -11.8304 -13.6324 -5.15402 -1.88673 1.18691 -3.26923 -4.18314 -10.0803 -2.73954 -4.92903 49.3986
-22.0147 -8.67145 -12.3779 -9.53543 -5.16692 -5.91398 2.40052 -4.18416 3.85204 -4.10379 -0.172682 -8.39381 49.1543
-21.0505 -6.64662 -10.4369 -12.9579 -4.58935 -2.02741 -0.882745 -5.33519 3.18054 -1.01414 -0.242508 -12.0991 48.3053
-21.1825 -4.77326 -8.32261 -10.1099 -6.94086 -4.28239 -6.40402 -11.0843 -0.944207 -1.24843 4.15171 -11.009 48.1123
-23.0175 -2.54882 -6.45222 -10.9162 -8.69961 -13.7296 -6.47536 -6.82929 -3.9545 -5.08706 3.76378 -6.88709 47.4551
-20.9475 -4.85995 -10.7628 -18.4368 -5.89464 -3.79342 -0.585226 -6.06995 8.69549 -3.43163 3.89926 -12.9957 48.5333
-24.0238 -4.42811 -10.0731 -12.821 1.11184 0.799527 1.62296 -11.6201 6.57693 -8.02248 3.65054 -8.05295 47.5013
-21.7222 -7.11863 -15.5617 -14.9839 -2.48739 -3.38106 -3.09682 -7.45985 7.9456 0.141658 5.69466 -4.76242 45.5835
-18.7233 -8.42709 -12.0293 -6.32349 -3.7222 -2.52471 -4.40463 -8.81408 -0.478128 -3.49156 5.27812 1.14946 41.9724
