-11.4729 -2.6642 -9.54039 -10.42 -3.73348 5.99306 0.191586 -11.5056 7.30158 6.90108 0.21675 5.87324 74.2517
-18.4256 -4.17015 -7.63194 -4.64419 -2.73083 -0.385347 -4.61999 -0.858642 1.05099 3.64574 6.05021 -6.68915 32.6635
-17.9326 -6.6613 -6.20872 0.478644 -1.20388 -0.874799 0.464689 4.43138 -0.647628 -0.915769 -2.57872 -9.38956 32.8016
-13.9324 1.1109 1.38805 5.17885 0.274676 6.03121 1.79699 -5.83462 -0.661001 3.52559 -0.0823735 0.396729 34.0223
-16.9241 -2.808 -2.53436 2.80082 4.09635 1.28598 4.74779 3.16395 -0.8112 7.09173 6.92421 7.79511 30.2398
-20.2194 -1.4029 0.0919639 7.47009 5.21905 -0.725416 10.7007 5.26341 1.65106 4.76673 5.04872 8.37357 29.2425
-18.8005 -3.2096 1.06801 0.698304 0.869717 2.93116 16.9552 3.60616 -1.02759 7.79877 1.2169 6.54269 29.9621
-18.534 -3.1864 -5.7458 2.59807 0.946062 -3.02245 13.7865 6.51426 2.92664 8.93764 4.88312 6.89856 29.5531
-18.5189 -2.8958 -0.608642 4.02643 0.985537 0.0999333 6.58697 0.116457 5.03846 6.94766 4.41665 6.44253 29.4401
-18.756 -2.83018 -2.70438 2.76891 2.4941 1.88405 12.7526 1.57402 1.79686 8.20178 5.52709 1.71325 29.9201
-19.5933 -2.83216 -0.284449 7.67348 5.20476 -4.40156 3.75856 -2.57528 0.670337 11.0196 8.42906 10.3009 29.0101
-18.2077 -2.5349 -2.5514 4.61306 4.5825 -3.49944 1.71399 1.68762 0.238215 9.67869 9.42772 6.71218 29.816
-18.6755 -3.25508 -3.17231 0.678427 5.1833 -4.61846 5.38025 5.2584 7.12413 12.1832 9.36892 3.63645 30.1477
-18.6119 -0.927111 2.70197 2.56473 -1.07685 -3.66415 7.86031 -5.543 -0.966734 9.02017 4.72225 11.1315 29.2468
-17.3617 -1.42172 2.57425 3.59451 5.03529 0.147715 9.65089 -1.29757 -5.78106 0.60691 2.93013 6.02597 30.0381
-17.6867 -1.42476 4.36422 5.91302 -0.749597 -5.36167 13.3586 5.23777 -2.58099 6.79007 -0.868397 7.11111 28.1162
-17.565 -1.05612 -1.74406 -0.777195 2.65209 4.38433 11.9692 6.17121 -1.69903 2.49696 6.84996 9.67747 29.077
-18.4907 -3.5105 0.292528 0.993776 4.90049 1.01078 12.0584 4.54947 4.02898 5.80836 1.89308 3.38772 28.732
-17.1262 -0.0161718 -2.37179 0.919398 2.57859 -0.594223 9.29401 0.578344 -2.11794 1.5687 2.09873 4.72964 30.2643
-17.2632 -0.278343 -0.370408 3.21753 -0.106473 -2.3651 6.08232 -3.17411 -2.42204 2.50797 2.25053 8.71345 30.7489
-17.8738 -4.64686 -5.92719 -0.962774 7.18514 4.31772 10.9736 6.71481 4.60789 1.9981 7.47121 3.23569 30.7717
-16.1854 -1.82476 1.78536 3.64141 4.85141 -1.05696 10.2009 -0.147941 -2.67022 3.38927 0.957998 3.3034 30.0932
-12.3623 1.80468 -2.87128 -3.06421 -4.28242 -10.45 0.547858 -6.44899 1.10826 8.05253 -1.74429 -8.00508 32.8293
-9.12538 2.83719 -4.84597 -9.31109 -11.6196 -14.3909 -1.83517 -4.94607 -3.83547 1.32162 -5.65589 7.07629 36.4384
-9.18108 4.48751 -2.24887 -10.6785 -14.2625 -12.7427 2.36706 1.21304 2.29068 -7.0298 -6.57474 3.10973 36.3591
-8.50318 5.62967 -0.44635 -11.8307 -16.4618 -14.8021 2.68664 6.14732 -6.32166 -6.47534 -9.98216 3.04218 37.0042
-9.41489 6.25226 -6.17477 -10.6387 -10.1147 -12.561 -0.861789 -8.2974 1.40569 -3.72552 -8.31516 -2.61312 38.8926
-13.7046 0.0406507 -10.3098 -11.2924 -3.68769 -9.81843 6.62396 -15.1151 0.239 -8.98065 -8.13458 -5.05713 45.655
-14.8215 -6.05965 -12.1317 -11.6981 0.784501 -7.88201 5.69753 -14.2408 -3.37868 -4.92896 -5.50108 -5.0054 50.4449
-14.6101 -9.11764 -11.4518 -7.48968 4.47751 -10.4483 6.997 -13.0197 -2.29812 -0.0470401 -3.6552 -5.14311 53.8162
-15.0384 -12.9343 -15.7795 -4.55809 -0.0814305 -17.4276 3.35946 -14.343 -4.63349 -0.893322 -5.29547 -3.66235 53.8412
-13.9274 -13.9927 -17.194 -2.31648 1.37491 -16.9024 3.13651 -11.4701 -0.949742 -1.93802 -2.61489 0.906533 54.426
-11.5099 -13.2047 -18.9295 -1.51048 5.41779 -19.0185 3.78226 -6.20829 3.42378 -5.86181 3.1961 2.62458 53.0849
-10.9826 -12.4928 -20.6305 -4.97595 9.11428 -18.1884 4.10099 -4.36809 7.3912 -10.0557 2.08379 2.214 53.0593
-10.2309 -13.8315 -24.0365 -7.78559 6.57166 -20.1397 2.59383 -5.93699 7.68327 -9.14571 -3.40585 1.30035 51.2067
-8.3901 -11.6282 -25.9325 -9.38174 10.8508 -19.3116 2.32496 -5.12246 10.0863 -4.4885 -5.44595 1.23493 50.0586
-8.25004 -10.6553 -29.9433 -8.0029 7.80374 -14.6312 0.535663 -4.46914 7.69168 -2.3512 -4.93014 -1.28113 48.9193
-7.19166 -8.88155 -28.6115 -14.4464 8.14294 -9.95688 -0.935798 -6.91985 10.3629 -1.10085 -0.0674051 1.56008 46.9017
-6.06029 -7.52283 -29.1388 -16.2311 2.01954 -3.41514 -1.03191 -7.20517 9.02649 -0.146113 3.74672 5.59408 45.3887
-5.19201 -6.80345 -25.6022 -20.225 -4.99998 1.20666 0.650012 -9.21452 3.40308 2.65182 1.76639 7.33335 43.2902
-4.12024 -3.35816 -21.3042 -18.5891 -3.09443 -0.313925 0.936116 -7.55855 1.71818 10.8716 -0.028702 2.26298 40.904
-6.63532 -0.398387 -12.8499 -14.4511 -7.86187 -1.82572 4.71282 -2.98216 -4.80094 7.03133 2.91158 -1.33625 38.4343
-12.6229 2.16833 -3.156 -5.35807 -2.68762 -1.99099 7.11223 0.0738995 -4.86289 3.11168 -3.84754 -4.81139 33.8512
-17.8106 -3.86941 0.817971 2.96393 2.37985 2.278 13.8713 4.74686 1.66156 0.390802 -0.42366 -2.32228 30.6381
-17.0119 -2.24018 -4.08188 2.75622 5.69828 2.3682 12.4277 0.32284 1.76369 3.08805 -2.00628 -3.18859 30.0882
-16.279 -2.83938 -7.26094 0.864322 4.48285 -3.41853 8.12391 2.4809 -5.13339 9.86517 9.68222 6.12745 29.9263
-17.1168 -3.12913 0.0380472 3.64518 3.245 0.101732 4.68696 -4.85091 0.822747 15.9689 7.90739 3.91449 31.2116
-17.1379 -3.05022 -0.393461 -2.17709 -1.44982 0.768938 11.5291 6.5705 3.98243 16.4297 -1.47113 4.01668 31.1508
-17.1899 -1.1943 -1.09211 0.941375 -0.953477 -3.5136 6.92128 2.62885 0.902599 8.88934 5.39682 10.0544 30.4759
-18.6876 -2.27766 -3.5454 6.10386 3.24399 -1.5745 7.35458 -1.4443 1.29686 7.5844 15.1744 12.2815 29.691
-18.7006 -1.62621 -1.55238 8.2442 7.5749 -4.36195 1.75745 1.10849 -1.05077 3.92807 10.2079 3.92799 29.4606
-17.2354 -3.07167 -1.88979 4.50299 4.10587 1.45328 7.32597 -0.953783 2.77277 7.49738 -0.986458 -0.419932 30.2302
-16.8066 -2.71197 0.103567 6.59421 1.53067 -6.2694 11.1477 2.99389 1.94325 4.21879 -0.515674 5.68792 30.0752
-16.3067 -1.95508 -2.35241 0.741657 1.04188 -4.17994 5.80647 -0.0926441 -0.887718 10.1846 7.7654 11.2111 29.8571
-18.7991 -3.50976 2.28409 0.926727 4.47031 -1.12852 3.38792 4.27326 -2.62172 14.1004 13.4243 8.50466 29.6348
-18.9376 -4.21552 1.36409 3.27093 3.51152 -2.25393 14.0025 2.45211 3.00461 3.55408 2.9701 7.85621 28.9062
-17.0743 -4.14115 -0.480345 -0.295875 1.49068 0.689083 9.82876 0.87074 -1.13592 6.18013 2.71222 8.93909 30.5111
-16.5116 -2.03621 -0.785032 2.24151 1.50394 -0.94504 8.50761 0.222987 -0.675813 12.3364 0.384757 1.5044 30.1998
-18.3402 -4.65707 -2.01936 5.7882 2.95178 -1.09515 6.60187 1.4722 6.42894 9.8263 5.86877 8.85557 30.2027
-20.0452 -5.06369 -0.771195 4.40912 6.45987 11.9505 19.8655 7.65641 6.17087 3.81671 -0.394769 -0.285938 28.8386
-19.6233 -3.57525 -1.25469 -1.82939 2.34317 3.58842 13.7726 9.06763 5.91338 7.5865 8.29438 5.78705 29.623
-18.4059 -2.88288 0.965422 -0.351308 0.423953 -1.60126 19.245 3.80454 0.358494 4.73937 0.575309 13.1944 29.992
-17.9163 -2.42558 -0.962453 1.96462 -0.115 -4.42678 12.5617 0.776981 1.71253 10.4215 4.71398 6.46418 30.0529
-17.1281 -2.09256 1.75162 -1.65644 -0.931736 2.27832 15.4846 -2.10542 -0.602303 5.98867 5.03092 6.6232 30.0985
-17.7557 -0.312218 -0.885981 1.35156 -0.906785 1.25491 12.5596 2.5535 -2.52665 6.28901 7.6706 2.40981 29.4459
-17.5383 -1.41608 -2.94918 2.30861 1.74824 2.64069 12.3252 2.2575 -7.78477 7.02883 5.29491 2.76378 29.8522
-17.883 -1.393 0.860299 1.72709 7.24936 5.14305 10.2161 -0.697346 -5.26905 2.90877 2.04633 0.140114 30.4022
-18.9356 -3.8248 -4.17003 2.79968 4.32701 2.20052 10.1536 -2.07487 1.89941 11.9881 8.27278 6.6031 30.0681
-17.3197 -0.650097 -2.83435 3.09473 0.764996 -0.658223 10.0154 -0.89266 -3.24999 9.40449 6.58229 7.02643 30.1431
-18.3517 -2.49075 -4.36209 4.53394 8.93129 0.264639 8.07409 4.55111 -5.96467 7.68389 5.9242 4.54762 29.7212
-17.8491 -3.28676 -1.68087 1.52867 5.08134 -0.224146 12.616 5.51858 -3.1492 3.28363 3.77611 4.02173 30.7157
-18.6372 -5.20317 0.684327 -3.30803 1.62945 2.7011 8.59864 6.27647 4.51964 5.17215 7.34972 9.89406 30.3097
-17.5091 -1.63582 3.02711 3.35883 0.819315 -0.407184 5.58676 -3.12165 -0.484052 0.848436 3.58173 4.85916 30.8392
-18.5203 -4.18472 -0.0623257 -0.371561 -0.0416749 0.368242 10.4954 0.840082 1.37892 2.374 5.20831 10.3426 31.0534
-20.1841 -2.87329 -2.91147 2.91978 7.93241 10.7272 18.1333 -1.83842 -0.453879 8.32868 3.02281 0.303472 29.0598
-17.9304 -1.29888 0.829712 1.206 2.61459 0.954029 9.52443 3.65863 1.54978 7.71045 2.55018 1.31833 29.9687
-18.6523 -4.7846 -2.10704 0.83284 5.13619 0.758815 7.74572 2.56549 -0.769087 3.60312 10.1398 9.75736 30.0264
-18.0188 -1.38628 -0.905024 6.22473 0.26708 -6.78385 6.20942 0.650295 2.43085 8.22904 7.7046 13.9013 29.4669
-16.6141 0.26574 -3.41169 1.524 4.61646 -4.66488 7.69517 5.01949 -4.22793 3.55659 4.63962 9.22179 29.9165
-18.1112 -0.077957 0.0297247 3.55166 0.908 0.294576 9.47842 2.0124 -1.84171 7.7292 1.51596 1.40754 29.7393
-18.2752 -2.67713 0.755748 0.438904 0.317254 -0.256573 7.62611 3.62502 1.53305 5.47575 2.92817 9.08838 30.1901
-17.374 0.0308508 -0.766517 1.37394 4.4135 -0.166047 9.46295 2.42751 -5.00514 -1.84102 1.84956 10.744 30.833
-17.217 -1.23452 1.33546 4.16429 -0.181171 -3.5069 3.95083 -0.457996 0.272051 7.78341 5.04619 2.59333 30.3608
-18.7698 -0.995994 0.861101 3.07097 2.35975 -0.0967743 7.64784 0.213874 0.403108 13.8826 12.4482 3.77437 29.4867
-18.899 -5.72393 -2.26693 -0.0767592 8.73428 7.40186 8.24461 3.43574 1.07636 10.0946 7.82511 6.31077 29.6779
-17.3934 -5.70551 -2.8522 3.11019 7.38054 -1.78178 7.87955 0.829038 -5.05979 1.75481 5.72966 7.15491 29.5253
-17.7728 -2.52094 -1.2628 1.94586 2.33695 0.0899548 6.88423 3.59879 -0.871332 7.56691 5.76285 1.86975 30.1487
-18.732 -4.01446 2.70253 1.67464 1.39098 -1.34091 3.7261 1.27655 -1.3549 7.64369 6.43869 5.90288 30.2964
-16.7727 -2.92647 1.07918 4.24704 1.08537 -6.13037 10.7676 0.743266 -1.46899 2.74109 7.81497 10.4847 30.6205
-16.1766 -1.06053 -0.262714 -2.57348 -0.25026 -2.21906 13.6283 1.09838 -4.47031 9.68218 7.44579 4.97239 29.5555
-18.6659 -1.47375 -0.565255 1.87446 2.84013 1.55621 8.7662 -3.77929 -2.70463 4.80733 5.79228 5.92566 30.6297
-17.4985 -3.08909 -2.84366 0.361463 1.61758 2.53469 7.65318 2.97608 0.00558117 8.22143 5.20949 5.87544 31.2818
-16.9897 -1.14584 -2.5884 -0.935332 4.20319 0.171867 11.6921 1.69232 -1.44594 4.20676 2.11359 4.82995 30.0424
-18.2389 -4.02964 -1.99424 2.88488 1.52202 -0.479562 10.2159 3.93022 -2.31802 4.84123 8.32538 9.01442 29.3814
-18.3793 -4.04953 0.809707 3.65277 0.614728 0.155729 9.11 1.72395 -0.24582 5.52834 6.35564 7.08993 29.6997
