-9.36259 -3.18445 -5.40204 -8.1721 -9.74721 -4.4569 1.59527 0.84892 -8.15226 2.28803 1.86685 2.18159 74.9648
-18.5102 -6.6376 -6.20978 -7.18815 -7.36306 -3.24258 -3.11968 -4.6034 -13.1759 -11.0411 -4.20368 -4.85794 30.9938
-17.5047 -5.13897 -7.68118 -4.46345 -4.28401 -4.27887 -5.23001 0.171422 -10.9423 -8.74741 -9.57871 -6.41725 31.2883
-17.6978 -5.12665 -8.19987 -8.66844 -5.86906 0.154063 -10.3232 -2.23234 -11.0783 -8.24503 -9.46109 -5.5574 32.0585
-17.0994 -4.93312 -5.84302 -7.18272 -8.70704 -3.34914 -3.23773 2.85508 -6.24758 -6.65849 -6.71481 -5.1262 31.5671
-18.9982 -4.48375 -10.4794 -12.2107 -11.1747 -1.55962 -4.72848 -4.19294 -2.55917 -10.4388 0.479897 2.52689 31.5705
-18.8042 -5.20021 -10.4932 -10.1625 -5.23421 -2.26792 -1.26193 -3.86769 2.27743 -8.12268 -8.16382 -6.93481 31.5148
-20.0263 -13.4161 -10.9249 -2.74216 -4.18225 -0.405515 -2.69108 -4.27052 -2.53444 -4.0082 -6.28673 -1.90182 32.5769
-20.398 -13.1933 -11.2285 -8.55142 -6.52464 -0.990085 -6.6467 -3.65157 -3.80696 -5.63801 2.73765 0.295997 31.8937
-19.2328 -6.91446 -11.1382 -9.60932 -5.36459 -3.08185 -2.66201 -6.25727 -10.6779 -8.03085 -1.45355 -5.98067 31.1291
-18.4714 -7.01898 -13.7265 -14.6211 -1.82376 1.34415 -8.03706 -5.83849 -2.59846 -4.28761 -1.87581 0.676677 31.2102
-17.3559 -3.40648 -10.596 -12.9578 -8.15722 -2.61887 -3.71842 -4.65945 -0.692272 1.08295 -5.08661 -8.09263 29.9876
-17.7571 -4.76389 -6.11538 -7.17078 -8.75102 -0.598177 -5.22852 -4.89082 -12.9322 -15.4995 -10.7758 -7.45691 30.8758
-17.6232 -4.35141 -8.80574 -6.64048 -6.75561 0.435491 -6.67066 -0.0640053 -2.38927 -7.7015 -4.76629 -10.294 30.2192
-18.9613 -8.76563 -11.7916 -9.22698 -4.83038 -4.76579 -3.67125 6.59348 -1.05145 -1.6716 -1.64052 -9.08996 30.8786
-19.9861 -7.97361 -8.65099 -10.2181 -10.445 -7.49166 0.759736 2.18393 0.592543 -8.75874 -2.99617 -4.50517 30.1052
-17.6587 -8.28808 -11.7865 -6.36671 -9.78285 -8.08174 -9.38861 -3.00432 -0.255038 -6.19569 -4.23334 -4.28451 32.158
-17.8814 -4.55123 -9.77349 -9.0516 -3.72254 2.41499 -9.08971 -8.36351 -2.35261 -8.30248 -7.5994 -7.80351 31.6381
-17.3389 -5.09799 -10.674 -10.2382 -1.9937 6.2218 -6.15653 -4.02349 -8.69005 -5.84957 3.2137 0.708049 31.1929
-17.6803 -4.44839 -7.16227 -7.40419 -7.55605 6.3366 -1.21992 1.21347 -6.74951 -6.71462 -0.141114 -4.95474 30.8087
-18.5132 -4.52803 -8.94576 -10.3773 -7.32109 -2.31632 -6.65976 -2.54699 -11.1619 -17.4966 -4.03161 -6.03062 30.5505
-18.163 -5.09212 -12.1175 -8.74023 -2.32234 -2.52447 -6.15547 -3.00592 -10.8293 -19.0272 -4.94035 -1.95435 30.5311
-19.8521 -5.90085 -9.84463 -7.44717 -3.22211 -1.54228 -4.84345 3.68305 -5.75279 -12.8103 -3.7541 -0.805364 30.3712
-19.0828 -6.04581 -11.0343 -7.78806 -4.55041 -0.944342 -6.24147 -2.58777 -3.08379 -7.47588 1.28304 -1.88839 30.2838
-18.1061 -6.81466 -8.20328 -6.51172 1.84811 2.24995 -6.96648 -10.3101 -11.0791 -10.4839 -7.18318 -3.88664 31.1569
-18.7814 -4.44462 -9.99082 -11.5371 -4.43653 -3.87697 -7.76188 -0.0460532 -3.4057 -6.74389 -5.74621 -5.95412 31.4624
-19.4545 -8.64542 -14.8816 -10.1339 -2.37917 6.37102 -1.62504 0.160702 -2.34215 -6.69982 7.28907 -4.40495 30.5179
-18.5973 -4.74358 -11.1147 -13.4584 -7.19264 6.54548 -4.11157 2.46189 -2.48741 -10.6856 2.84812 -5.85194 30.2661
-18.275 -5.6892 -12.6737 -9.50916 -3.55956 1.50016 -10.7611 -0.838018 -5.3916 -12.5673 -8.29016 -5.30741 30.6502
-19.6218 -8.39519 -11.0243 -7.20536 -4.28676 6.26035 -2.72622 2.2238 -0.775453 -8.55353 -7.89541 -6.10568 30.7483
-19.299 -7.7294 -9.98138 -10.3646 -4.40495 0.655971 -3.69786 0.862364 -0.920054 -3.94851 -2.98799 -4.17643 30.8109
-18.1955 -4.96803 -5.16657 -6.66839 -10.8685 -7.90726 -0.25182 -6.99474 -12.5387 -13.2688 -3.82156 -4.74799 30.7614
-19.1919 -8.00488 -8.89187 -8.7887 -1.70617 -3.17992 -3.3898 -4.13715 -5.70498 -10.9959 -4.68032 -4.33531 30.0382
-18.1945 -5.26952 -8.45856 -8.71044 -4.39678 1.32091 -4.03697 -2.99433 -6.66997 -12.615 -4.1705 -2.23057 31.1652
-18.0982 -2.01796 -9.80407 -8.49029 -4.35097 2.97431 -2.70941 -2.05676 2.40105 -4.24174 -4.76627 1.17318 30.2833
-17.9674 -4.08395 -7.3639 -6.97353 -5.64148 -1.60614 2.82131 6.56284 -2.85418 -13.7622 -1.21338 -4.49819 31.5403
-18.2684 -2.39288 -7.913 -12.4683 -2.9485 1.88583 -5.12164 -2.14857 -0.154419 -5.61486 -8.17717 -7.60863 31.6534
-17.5824 -5.19192 -10.6482 -8.64371 -6.42799 6.42032 -1.11698 -3.50829 2.66799 -1.7884 -2.54016 -6.86699 30.9126
-19.0583 -6.91835 -11.0749 -6.03806 -1.03734 3.46028 -6.34301 -3.84319 0.17712 -9.10629 -3.22277 -5.82036 30.3577
-17.9615 -7.88667 -9.77136 -7.77284 0.781825 5.89169 -9.31139 -3.80701 -6.11197 -12.9612 -11.6814 -2.72645 30.8261
-18.5846 -5.31638 -10.7575 -7.86011 -0.211423 0.841363 -4.94995 0.996915 -1.98364 -13.4348 -10.7873 -9.25772 30.7711
-17.7528 -5.27975 -11.2842 -9.29068 -4.52251 -2.87593 -2.44023 1.85942 -1.42447 -3.78578 -3.12065 -9.34808 31.7333
-18.1719 -7.75038 -5.81639 -7.78279 -13.929 -1.03553 -2.75632 0.274011 1.78329 0.0484322 -8.02097 -6.06189 32.061
-11.451 -1.2785 -7.31838 -9.6721 -10.6035 -10.3897 -13.5195 -9.8195 -5.42891 -7.05474 -3.00041 -6.71252 35.5083
-9.69669 2.30261 -5.69582 -10.4352 -8.84278 -10.6342 -13.0526 -11.5384 -11.2397 -9.88119 -8.57602 -0.939321 35.5024
-16.2577 -3.96653 -4.7952 -6.30764 -0.618377 0.892357 -2.96493 -5.66863 -6.11499 -9.21376 -1.17759 -7.26009 32.1946
-16.7498 -5.32021 -10.5174 -6.70118 -4.14656 -2.1221 0.436904 1.07822 -2.80585 -6.90485 3.2456 -4.00623 31.9283
-17.4545 -6.16301 -9.38103 -6.93791 -1.51146 0.309432 -3.23 -2.69387 -8.81561 -7.06879 -3.71544 -8.33893 32.1692
-16.4481 -4.49217 -7.21519 -5.76842 0.950936 -3.72096 -9.75106 -8.74958 -14.6668 -14.9488 -9.31828 -6.14018 32.3482
-6.85936 4.01744 -5.52668 -11.2322 -13.5448 -16.9122 -9.60791 -7.28722 -9.81753 -6.67686 -6.68957 -6.24308 37.9247
-2.18156 5.41845 -10.8906 -16.3878 -15.6666 -16.8669 -14.3336 -15.3377 -8.47573 -4.9988 -14.5011 -11.9282 42.3438
-0.533701 2.7213 -11.5841 -20.1823 -14.8324 -14.0945 -18.8795 -14.8722 -8.23795 -4.88879 -15.5854 -15.9556 44.8537
-1.58634 1.77636 -6.98423 -19.3195 -9.57402 -8.27623 -21.3563 -13.3181 -2.04902 -0.868277 -15.6277 -10.7308 46.5889
-2.59373 1.33583 -3.40106 -24.6286 -4.23736 -7.9996 -20.2351 -12.087 5.13409 -1.62392 -13.7555 -12.5106 47.8359
-4.47293 2.73557 -3.28836 -26.9361 -5.43329 -8.12666 -17.2338 -17.7153 1.59487 0.27514 -13.3288 -13.8598 48.898
-3.85877 1.94904 -2.64419 -28.4164 -2.93853 -11.2912 -17.9227 -11.0582 0.0499853 -2.4655 -14.2293 -10.6593 49.1024
-4.19558 3.59266 -1.85385 -26.9283 -4.7894 -3.81968 -17.9694 -11.0655 -1.28041 5.17661 -13.406 -10.7631 50.0465
-3.97212 2.51393 -1.91958 -29.4508 -3.96636 -6.78215 -20.6268 -12.6177 1.35446 -0.514513 -17.0985 -10.5297 49.7258
-7.31214 -0.621366 0.0801605 -31.6937 -4.6714 -9.30487 -15.6049 -12.974 -0.327265 -7.74814 -14.3949 -7.90733 52.6057
-9.82246 -5.26959 -1.74163 -30.743 -4.66546 -2.51071 -3.9391 -10.0642 2.83956 -8.68792 -11.8558 -2.77916 62.1788
-9.66875 -7.11002 -4.00227 -26.6774 -9.74443 0.470913 -5.6387 -10.1595 5.45469 -11.1492 -13.8764 -2.33427 64.4698
-10.1578 -10.4348 -5.26129 -25.9483 -11.1716 -1.36661 -6.62664 -12.1807 -1.01981 -11.1871 -17.3201 -2.56671 64.7131
-10.2883 -12.4919 -5.65677 -24.6405 -10.6148 -3.44608 -5.9689 -13.8571 -4.86938 -8.20209 -17.8993 -3.17552 65.2458
-10.2103 -12.8973 -6.57968 -22.2221 -11.0745 -3.42621 -3.8145 -14.5814 -5.9672 -5.58077 -15.7549 -4.48665 64.9628
-9.82631 -13.8744 -6.65685 -19.1606 -10.0235 -5.10428 -0.773068 -13.9556 -7.43046 -3.62973 -13.4453 -4.2376 65.2085
-9.81411 -15.2806 -7.71565 -17.749 -9.2005 -6.85004 -0.571109 -13.574 -10.0767 -3.57039 -10.9334 -6.78922 64.977
-9.25801 -15.6958 -7.82144 -14.9315 -6.75521 -6.94361 0.922445 -9.77081 -10.6149 -2.26425 -7.97823 -6.34232 65.0975
-8.98542 -15.4086 -8.49331 -12.652 -5.52622 -7.20433 0.599753 -7.29088 -11.7138 -1.55873 -6.70068 -3.533 65.2955
-8.504 -14.6997 -10.3552 -10.6896 -4.27684 -9.02332 1.63034 -5.71111 -11.3494 -2.05344 -5.68358 -1.14417 64.4647
-8.39179 -16.6884 -12.8638 -11.904 -5.42115 -11.4868 -1.73992 -6.83787 -13.7711 -5.63676 -7.07216 -1.99398 64.1965
-7.53963 -15.6536 -13.6742 -9.68362 -3.62665 -10.5799 -0.580732 -3.79267 -12.92 -6.13294 -4.68 1.45726 63.484
-7.46859 -16.9042 -14.4614 -10.8723 -2.82033 -13.1568 0.989956 -5.95144 -13.2014 -7.05834 -5.15233 1.02221 62.9901
-7.23499 -16.5834 -15.4345 -9.49896 -2.05596 -11.9501 2.40312 -4.95439 -11.6071 -5.81125 -4.38202 2.81217 62.6612
-6.18031 -16.1761 -16.6047 -9.9718 0.862508 -12.7267 3.36581 -3.94315 -9.70118 -7.41711 -2.50917 2.70454 61.3103
-5.60657 -15.1471 -17.5322 -9.18383 0.00860073 -11.9754 1.53905 -3.31469 -7.53317 -7.53799 -4.27825 4.35 59.9293
-3.77793 -17.6207 -18.5974 -9.05811 0.78367 -15.2053 0.369553 -4.31901 -6.52862 -10.7674 -7.0692 4.71367 58.5143
-3.03029 -15.1241 -19.0048 -7.46062 3.62556 -13.5423 -0.736953 -0.831349 -0.892567 -11.6174 -5.7091 6.50114 58.2605
-4.40696 -13.3825 -23.689 -8.96416 1.90478 -11.6369 -8.60397 2.62624 -3.32035 -10.3825 -8.96407 3.62 57.5206
-1.12069 -14.2077 -24.2839 -8.78398 2.30319 -11.213 -6.42544 -0.111354 1.10993 -7.92354 -11.4264 4.19045 55.1152
-0.372491 -15.0271 -23.1364 -11.5941 0.710768 -8.26154 -7.12221 -4.99017 7.96661 -8.73178 -12.4314 2.0559 53.785
0.115562 -12.8012 -27.8484 -9.79824 -0.764943 -4.56582 -10.4973 -0.904305 1.71694 -5.2969 -10.3382 -7.21832 53.4584
0.0323705 -11.4313 -27.1241 -12.2187 -0.25847 -2.38515 -10.6185 -7.72212 3.19065 -2.55296 -11.2054 -7.54109 52.3394
0.300825 -9.72583 -27.26 -10.2533 1.16591 -0.964567 -12.1893 -5.8429 5.2146 -4.91252 -16.145 -12.8634 48.8017
1.91278 -11.1189 -29.306 -15.7684 -3.29985 -2.95247 -16.0945 -10.6098 -1.21695 -12.9238 -10.8153 -9.27167 49.581
0.832394 -7.74242 -25.1196 -15.3161 -0.10405 5.61837 -14.253 -5.80445 2.80269 -5.41733 -9.34467 -19.0141 45.9173
-5.68098 -6.63048 -19.205 -10.5714 -3.4153 -0.261564 -5.26673 -7.04523 1.73127 -2.17503 0.0764728 -10.6003 38.8994
-7.46681 -3.86253 -14.574 -10.1289 -4.2434 -4.23842 -5.85992 -8.46261 -14.6805 -6.37729 -12.4274 -11.702 36.4584
0.690731 1.06917 -18.6974 -16.6001 -8.85596 -6.80186 -2.4571 -12.397 -14.943 -2.36246 -2.79214 -8.14131 40.7588
-0.403875 -2.26883 -23.0895 -16.5827 -10.3999 -11.4294 -7.44164 -18.5936 -15.226 -7.66745 -12.7286 -15.4748 41.7229
-1.07653 -1.35942 -16.2103 -15.7982 -8.06141 -6.96901 -4.35525 -8.94223 -9.11325 -11.1088 -9.2971 -12.1773 40.657
0.01633 0.586045 -19.3269 -18.1818 -5.45736 -6.09785 -8.25305 -18.2993 -11.8388 -2.66438 -16.2512 -12.7701 41.5428
-5.15002 0.683539 -10.4991 -8.77309 -3.11846 -7.35857 -5.86601 -9.45441 -6.59025 -11.9606 -18.2347 -16.9553 38.9362
-6.37773 -2.45453 -12.6245 -4.25653 4.96437 0.0366058 -10.1868 -13.9343 -11.8524 -12.5814 -14.1911 -11.3957 38.4451
-8.52804 -5.26047 -17.4443 -1.51709 9.61536 1.54493 -10.0402 -7.39538 -3.28772 -6.60623 -9.88453 -8.72602 38.2336
-12.0286 -14.356 -16.5714 3.5024 8.87034 -5.58942 -10.733 -7.94847 -0.89935 -4.0311 -12.8471 -2.44392 37.9618
-13.591 -16.3998 -15.3135 -5.16524 3.13733 -3.79372 -6.6543 -7.41091 -7.79591 -8.50142 -10.2804 1.15923 37.3933
-14.9057 -14.5116 -11.2748 -2.44851 -4.6569 -0.387028 3.97735 -8.66056 -15.1557 -4.47592 0.0280873 8.40914 36.7719
-16.5383 -16.7029 -10.1318 2.75095 -4.48651 -0.0501675 10.4611 7.15696 -8.81897 -3.02098 3.72728 0.640997 36.6529
-14.1539 -13.5551 -12.3639 -1.31253 -8.69302 -9.43347 2.14016 -6.4691 -4.48412 -5.69208 3.46136 7.81617 36.3556
-15.2591 -12.1569 -8.37405 -4.09226 -6.67453 -0.0449144 -0.143444 -13.5622 -13.7032 3.06035 0.387592 0.902539 35.7319
-16.2416 -11.2053 -5.54556 -1.47131 -4.99165 -2.69277 -7.43911 -14.1556 -10.6063 -7.69911 -5.61986 0.868498 35.4978
-16.2707 -9.46869 -6.71082 -2.28722 -7.20431 -9.07601 -2.27489 -6.73396 -12.8307 -7.26595 -4.65673 1.20744 34.67
-17.1982 -9.9538 -8.59311 -8.0651 -9.21572 0.283215 -0.684651 -1.91213 -6.00421 -4.97097 -0.755138 -8.56862 33.3609
-17.2955 -5.22293 -9.24257 -9.58153 -7.16293 0.043173 -1.56887 -7.32929 -10.2563 -8.18714 -0.149603 -4.35247 32.5653
-16.3067 -5.35412 -9.50786 -8.4072 -6.13717 2.70438 1.39904 -2.09623 -4.21731 -5.86526 2.41138 -5.0093 32.8362
-16.3045 -2.03432 -6.63152 -5.92272 -1.77228 -0.347246 -1.25338 -4.4576 -3.07539 -3.12629 -9.19619 -1.06654 32.4283
-18.1747 -7.69078 -10.3539 -5.7861 -1.92544 2.75002 -3.27977 -3.25539 -8.62878 -9.06842 -5.20515 -3.36803 31.5907
-19.2927 -7.69608 -12.9187 -8.20179 -6.10094 0.900699 -1.38862 -6.26991 -6.55003 -12.7795 -1.35515 -7.24626 30.4388
-19.1361 -5.05386 -8.49066 -3.18451 -3.0639 -0.492619 4.86459 -5.19967 -5.08563 -9.81176 -6.43563 -5.20933 30.4024
-19.2497 -7.27423 -8.39976 -4.03548 -1.76027 1.75336 -3.31821 0.510287 -1.82999 -12.5905 -11.9981 -7.20642 31.1465
-17.8265 -4.91615 -14.8489 -10.7537 -1.11165 4.37019 -6.67449 -0.828999 -0.388485 -12.8111 1.5802 -8.63023 31.1342
-19.1796 -6.88168 -8.78807 -7.37611 -1.48783 -0.88017 -5.05462 -0.249008 -3.22997 -11.1312 -3.69086 -6.40144 31.4562
-16.8457 -3.89265 -8.75683 -7.76633 -3.67293 -5.51913 -5.29369 0.267816 -3.31761 -7.51462 -3.96672 -6.27911 31.9861
-17.2451 -4.08678 -7.08814 -3.2556 -3.94685 -5.36115 -1.11558 -4.93693 -8.38944 -4.80352 -5.82911 -5.60294 31.5116
-17.6897 -4.27601 -8.78238 -7.35317 -5.47901 -1.72773 0.86448 -3.69512 -5.58973 -6.09365 -1.28195 -6.95253 31.5647
-18.6904 -5.30797 -8.34848 -6.92053 -6.35348 4.25564 -3.39667 -1.24696 -8.60766 -17.2201 -4.78779 -9.36232 30.8807
-19.6801 -7.17858 -11.8568 -10.1682 -8.04419 8.24593 -2.36943 3.04252 -3.88495 -12.0493 -2.99357 -12.0194 30.1014
-19.5314 -8.43681 -9.70202 -8.74595 -2.27143 4.85491 -1.47529 -1.8993 0.396644 -8.96789 -4.6457 -3.35159 30.9609
-18.5184 -6.28829 -7.74424 -8.64184 -4.91042 -2.99644 1.63493 -1.55376 1.49329 -8.32437 -4.49442 -3.70019 31.1975
-17.767 -6.35036 -6.56478 -6.94528 -5.8921 -1.24826 -3.7108 0.318675 -5.53681 -3.60023 0.328731 -1.0012 32.2673
-18.4093 -5.27215 -12.5072 -7.15226 -1.80519 1.4169 0.0346898 1.4171 -7.18222 -11.353 1.86441 -9.30723 31.0446
-17.3741 -4.72115 -11.5756 -9.99415 -1.893 5.19108 -0.379107 1.21688 -3.44856 -12.2882 -0.870751 -11.4616 31.5673
-18.1587 -4.30103 -8.83401 -10.1663 -3.10941 -2.15567 -3.3864 -6.95388 -1.63353 -7.10206 -4.88323 -8.05311 32.5023
-17.8412 -5.2946 -10.7866 -13.0568 -2.4441 1.59035 -9.50345 -5.81793 -1.91171 -8.2817 1.07082 -0.347943 31.8329
-18.528 -6.92103 -13.8165 -10.021 -0.832236 3.31452 -3.96633 3.36645 -5.51322 -8.47911 3.23199 -4.89347 31.3251
-19.1644 -6.36778 -10.7911 -8.7368 -1.98125 -4.7572 2.89015 -2.18653 -5.20927 -7.49053 -0.0147231 -4.27383 30.888
-20.3368 -8.66357 -11.6318 -6.98369 -3.81851 0.439119 -5.51381 -4.96305 -6.93335 -12.3483 -4.56407 -11.1566 31.1592
-18.2043 -5.66804 -10.2252 -10.4144 -8.53092 -4.85571 -5.20513 -3.74384 -9.73353 -6.65363 0.723294 -2.96775 31.9009
-18.4753 -6.6931 -9.9603 -10.4662 -7.40586 -4.2033 -2.59037 -6.98975 -15.1183 -10.7413 -2.36074 -7.58131 32.3484
-17.5038 -6.39713 -6.0517 -7.27384 -5.39854 -2.91117 -3.20227 -9.45006 -8.79079 -4.08055 -3.56 -4.42438 32.6857
-17.3237 -5.43196 -8.09726 -11.2198 -9.16988 0.865767 -6.01834 0.978125 -0.321458 -8.25927 -4.31551 -4.21171 31.0045
-16.9639 -2.91471 -7.26451 -9.8976 -5.81326 1.78185 -2.65094 -7.01601 -4.80241 -5.96898 -6.31793 -7.42185 31.8722
-17.4082 -5.11681 -9.20577 -8.91888 -5.52512 -4.94623 -8.10342 -4.65023 2.31986 -8.44269 -0.508744 2.03878 32.3789
-17.1391 -4.22326 -11.2191 -14.5346 -4.21467 -1.09532 -4.81445 0.340807 -4.86181 -11.5882 -2.02878 -8.24062 32.1383
-16.1682 -4.19776 -10.8043 -13.3563 -6.51624 1.65883 -6.45727 -1.16467 -2.95113 -2.01504 -4.02511 -8.93082 32.3845
-19.1367 -9.30306 -13.4082 -11.6731 -3.59293 -0.44925 -6.6535 -4.17431 -1.8374 -10.498 -5.43969 -1.77788 32.1153
-16.1922 -5.42746 -7.73786 -9.59351 -10.5682 -4.84011 -4.65744 -6.36659 -7.86652 -6.58525 -9.63921 -6.1704 32.7409
-16.601 -2.27379 -8.4035 -9.92695 -14.7028 -9.69355 -4.88989 -7.73819 -5.43405 -12.3805 -7.73348 -4.38799 32.3594
-16.8207 -1.14254 -8.5996 -11.4395 -10.7172 -5.82336 -4.99511 -1.82228 -3.50125 -10.524 -5.32219 -4.29939 33.1803
-15.8088 -2.07586 -7.85537 -7.70151 -9.04099 -5.00516 -3.43504 -1.67799 -5.69715 -8.82808 -0.31877 -3.02432 32.2122
-16.3379 -2.66811 -8.83331 -6.67282 -2.01457 -2.57469 -3.71327 -3.25013 -9.61425 -10.9146 -4.67443 -1.39261 32.3785
-17.3287 -6.22493 -6.52972 -10.7499 -8.92185 3.07546 -6.04615 5.76922 -2.40544 -4.09202 -2.89024 -0.150983 31.9754
-18.1764 -5.92618 -9.82771 -11.5091 -3.54694 0.861922 -0.268026 2.06325 1.7316 3.65566 -1.80212 -5.64718 32.2728
