-11.4725 -2.66997 -9.54287 -10.4154 -3.73635 5.98531 0.182713 -11.4999 7.30482 6.89211 0.2047 5.88045 74.252
-19.2777 -4.30212 -0.894049 3.45131 -0.912382 2.40972 9.39131 0.474937 -12.4682 3.5831 7.76814 -2.28431 29.165
-17.4555 -5.58679 -3.41865 -0.939755 -7.25683 -1.22656 0.427452 -4.29562 -6.805 0.861297 0.498673 -3.03642 30.0922
-19.8414 -5.87514 -5.1153 -0.708311 -6.02369 -4.5335 1.94781 0.793994 -1.37929 10.7671 4.70658 -2.49646 29.2499
-17.836 -6.22481 -3.90412 6.54048 -4.78539 -10.2857 -0.269013 -1.57053 -8.24697 2.80867 1.72642 -2.0637 29.531
-19.1292 -2.62304 0.753539 2.66362 -10.4949 -5.06935 3.8297 5.01902 1.35409 4.28232 3.09072 -1.71508 29.5307
-16.1167 -3.69599 -5.06652 -0.333158 -4.82516 -6.85735 1.46026 -1.15992 -0.90723 5.2623 1.54666 -6.67459 30.3749
-15.1828 -4.79872 -7.88828 -4.25492 -2.71843 -3.96754 -2.60718 -3.85879 2.4563 -1.89161 2.61938 -2.00209 27.9523
-19.8654 -5.12139 -5.17246 -4.09877 -9.28335 -9.55584 -0.378399 -1.50692 -0.127026 6.33946 -1.89285 -0.575662 25.544
-18.4847 -3.43776 -4.73697 -1.47524 -11.281 -1.61066 -1.32728 -4.61445 1.93309 -2.90735 2.95779 2.87606 28.1078
-15.6488 -2.60188 -7.7608 1.02994 -0.81925 -8.40811 -1.42144 -1.55777 -4.07206 2.03943 -5.59452 0.668909 27.1856
-14.1321 -3.997 -7.8083 -3.73877 -7.06698 -1.67822 4.40376 -3.49562 -6.71571 -4.06154 0.235686 0.847578 29.5166
-13.8105 -2.62477 -9.93795 -5.31953 -1.576 -3.43914 -7.79437 -0.562572 -1.57157 -6.66537 -0.437159 -2.10617 29.7686
-16.0536 -4.65846 -8.32773 -4.03004 -5.20779 -3.07475 -6.6588 -2.81748 -3.00043 -2.6125 1.36031 0.564264 28.2932
-20.0463 -5.60275 -6.55717 -5.51765 -4.16734 -1.7261 -2.87924 5.95987 5.99146 1.10549 -1.59684 -4.59889 26.5388
-19.4611 -6.46513 -5.13925 -3.27069 -4.86237 -4.50346 -1.49935 -4.39361 -7.76947 -3.84103 0.418766 3.79337 26.6144
-19.1725 -6.61709 -8.24595 -3.87957 -0.512319 4.17119 5.75308 1.97493 -7.26158 -9.41135 -2.48908 0.7838 26.0989
-17.045 -4.95546 -5.92922 0.727461 -4.8185 -4.89856 3.66142 -1.31846 -3.66295 0.279023 -3.89415 -1.942 28.512
-19.6816 -4.07657 -6.23305 -3.74157 -11.1763 -4.65165 -0.430243 -6.48433 -2.11728 0.559289 2.06039 2.18564 27.0932
-17.2876 -2.81542 -7.86603 -0.637915 -7.11659 -1.58667 -3.64108 -3.07139 6.33504 -0.518087 -1.13955 -3.80796 27.5646
-17.2337 -2.93846 -10.7784 -0.455559 -3.72907 -1.62764 -1.36585 0.93817 1.96899 0.574158 -0.703181 -0.803171 28.3496
-19.1586 -4.6262 -7.1774 -3.15075 -5.33845 2.35728 1.95256 0.0658099 0.662154 4.25443 -2.1485 1.20741 27.9861
-19.1827 -5.82682 -7.67896 -2.25184 -2.78245 3.45164 3.61578 -1.83235 -4.84241 -2.29513 -2.02248 -2.26309 26.3569
-16.9876 -6.92249 -7.93804 -2.91162 -5.60423 0.795856 -1.25972 -5.77935 -8.70757 -5.75276 1.63001 -2.04427 27.6928
-20.1987 -5.54878 -5.46186 -2.85758 -7.69563 -7.72569 -6.59877 -0.114202 4.35187 -2.56587 -0.383273 -9.2504 26.0105
-18.9972 -5.64014 -6.44974 -1.42049 0.351046 2.87662 -0.508965 -3.42385 -7.16062 1.214 1.24918 -6.1585 26.8544
-16.4986 -5.00021 -8.84556 -0.358702 -3.26983 1.06868 1.68431 0.446019 -1.26665 -1.5236 -4.3436 -6.09856 28.7234
-18.5897 -5.7017 -6.60487 0.0772693 -6.75272 -0.735714 8.29061 5.96976 7.84345 -0.890441 -12.2512 -6.43235 30.7025
-15.878 -4.10992 -5.9471 -1.51184 -7.51979 1.8622 8.84855 6.99727 3.47999 -2.0532 -8.55288 -2.31944 28.7956
-17.2632 -5.17395 -6.61786 -3.48358 -10.8535 0.532823 4.44232 0.0712511 -2.45809 -10.2906 -0.408589 -8.36911 29.2471
-19.463 -5.4737 -7.35959 -5.74562 -3.90183 1.05028 -3.27494 -6.79278 -5.88878 3.69437 1.85617 -3.57052 26.5747
-18.6377 -7.00622 -6.88694 -7.84066 -5.57838 -0.838748 0.222713 -0.163381 4.54815 6.55806 2.42833 -3.56163 26.9853
-14.8993 -7.61586 -8.70422 -3.54296 -3.5062 -5.85665 -1.73062 -1.24847 0.812883 5.0438 2.42035 0.698472 27.3142
-18.0317 -9.41954 -9.95032 -7.31654 -4.84137 -4.7137 -1.2995 1.32789 1.38143 1.85535 -0.323071 2.47794 27.8089
-15.1779 -5.34177 -8.90136 -4.88083 -4.35133 -3.60523 -0.986187 -2.7923 4.33431 0.861054 0.16348 1.4088 28.756
-13.6785 -1.23111 -9.7401 -3.40545 -4.40249 -0.670372 1.38753 1.46315 -1.18021 -8.73286 1.22349 3.59187 28.4328
-16.6471 -2.21606 -4.66129 -3.32168 -3.56488 -8.93152 -5.12554 -1.10412 -3.40868 -2.49141 -3.30964 -5.1333 30.5895
-19.8381 -7.81535 -5.92729 -5.33231 1.06479 -8.32326 -6.9335 -1.88598 -0.114815 2.96217 3.69944 -0.237964 27.6735
-19.0642 -6.38496 -8.79503 -4.62892 -3.75148 -1.71479 -3.65043 1.51546 0.967869 -4.24199 -6.29029 2.97814 27.1037
-18.8869 -7.35583 -7.8186 -6.87197 -2.05221 -1.05333 -5.58051 0.987422 3.04934 -1.09757 -6.24076 -1.1988 26.7493
-20.1221 -6.30553 -3.28049 0.0481492 0.0493839 -0.558081 4.54453 -1.10122 -2.81623 2.79135 -9.97082 -6.22903 25.6553
-18.7835 -4.64127 0.890499 1.46938 -3.1145 -3.77663 -9.1705 1.37002 6.09194 5.41045 3.39545 2.56493 29.1311
-18.0338 -3.886 -4.37072 -5.15834 -4.91614 -3.19995 -8.14479 -1.94176 -7.36138 0.909337 6.05442 1.01237 28.1553
-13.2973 -3.12459 -9.55871 -12.0125 -9.46035 -10.3421 -9.15656 -4.97301 -8.02837 -11.4617 -0.889503 -2.33812 31.6833
-9.38904 -1.36174 -7.92825 -12.116 -15.6134 -10.4435 -10.1901 -4.45766 -8.98655 -8.15782 -3.49293 1.77148 35.9393
-11.3547 -2.77168 -6.8761 -7.91687 -12.5559 -11.2285 -6.21844 -7.00747 -6.44965 -7.21957 -7.08051 -1.19299 33.2208
-8.89971 -0.0813963 -7.87277 -15.2846 -19.0649 -6.73636 -7.28273 -11.2987 -8.51354 -10.3312 0.0189825 -3.48762 36.5416
-10.0998 0.912188 -6.87883 -14.4913 -13.5464 -10.7194 -2.95519 -3.73059 -2.82967 1.97241 0.0293934 0.218977 35.4629
-9.06212 -1.43997 -8.86532 -13.9079 -16.6983 -10.6687 -1.51991 -3.92127 -7.2413 -0.621318 6.07112 -0.677971 36.0006
-7.68365 -0.544406 -8.95156 -11.7302 -12.7502 -13.8651 -5.51356 0.952069 -4.01106 -3.66412 -0.526866 3.05886 37.1294
-9.84498 0.0152302 -8.56437 -19.2499 -10.3696 -14.5413 -8.05242 -2.96819 -5.57513 -1.84379 -3.41164 -1.69561 37.6922
-12.0131 2.78101 -2.85612 -17.7312 -3.80423 -7.13228 4.58025 -6.81844 8.65994 -2.0411 -2.6118 7.9113 42.2416
-15.9322 -4.0596 -6.25186 -24.6032 -1.79843 1.07974 9.22433 -9.49357 9.81706 -8.31775 -1.84495 6.83911 55.1799
-18.4742 -10.6647 -10.4448 -29.1738 -4.25316 -2.52141 0.496269 -10.3048 3.52063 -10.6473 -7.31212 2.1525 59.2933
-15.8201 -11.4456 -6.33987 -26.2148 0.522941 -1.08107 2.56649 -9.51758 5.4662 -5.94434 -5.84029 5.97006 60.6989
-15.278 -12.0335 -5.35462 -23.61 0.19469 -0.330612 2.23496 -10.7438 5.22437 -5.71085 -5.92045 7.61297 61.2059
-16.1027 -15.1505 -7.83456 -25.6794 -3.9707 -4.14207 -0.672851 -15.8079 0.743395 -7.29618 -11.3085 4.11943 60.7806
-15.9098 -15.2865 -5.73833 -21.2209 -2.87067 -1.55604 2.38698 -12.2218 2.14716 -2.27383 -7.63334 5.90502 61.7832
-15.336 -15.7173 -3.46261 -19.0981 -2.32182 -1.84089 7.40178 -10.1225 0.56669 1.97786 -7.20931 5.84959 62.1054
-15.867 -17.9609 -4.9274 -18.0781 -6.04368 -4.79485 7.65965 -11.7629 -2.44138 3.62067 -8.84647 2.31939 61.6778
-15.7176 -17.6912 -5.30102 -13.2026 -6.42038 -4.04823 11.0143 -10.7096 -2.68241 6.41739 -6.86987 1.14443 61.8669
-15.3877 -19.9884 -8.13846 -13.4768 -8.36189 -8.37991 7.84322 -11.8027 -9.2552 9.00597 -6.83954 -2.16619 60.7205
-12.6341 -21.8654 -8.95001 -11.1718 -7.25669 -7.85331 6.963 -6.53757 -12.6168 12.9531 -3.11635 0.485498 58.8996
-9.47571 -21.4165 -13.7008 -8.79346 -7.91192 -14.3369 9.55949 -8.93186 -12.5548 9.0342 2.2657 0.592625 55.2983
-9.39125 -18.0529 -15.5818 -10.4498 -7.68851 -17.7997 5.36616 -4.15561 -13.5325 2.85224 2.24339 2.40709 52.6942
-8.77719 -17.4618 -13.0083 -9.51573 -7.09435 -13.1094 2.55188 -2.79986 -8.88434 0.677526 1.87874 6.53395 51.5933
-7.9694 -19.1018 -16.3538 -9.71381 -3.6058 -15.603 -0.104482 1.09991 -5.63345 -2.67228 1.44761 6.87135 50.2626
-7.90678 -16.5583 -20.4722 -7.54928 -2.17715 -15.9994 -3.29477 0.931754 -3.3542 -3.97739 -6.46811 7.08519 49.6683
-6.93039 -16.3345 -21.1839 -9.81681 -1.82052 -16.2653 -6.58468 -0.994689 -1.8291 -8.09225 -9.58093 4.28696 48.6781
-6.73321 -15.6145 -23.326 -14.6241 1.69565 -14.0423 -8.38066 -4.94589 0.100174 -2.91082 -10.4034 1.30527 47.3389
-3.61361 -11.1732 -24.6571 -14.5894 5.04574 -11.2033 -10.3481 -0.315374 -1.14442 -6.81809 -7.4008 -3.79435 45.4099
-2.85307 -7.64116 -18.6054 -11.2333 -1.08634 -2.24997 -11.9638 -3.94565 0.0441889 -9.09374 -7.0355 -8.3375 42.9122
-6.31322 -3.60753 -14.8328 -8.53392 -4.97624 -3.43329 -10.3661 -5.03121 -3.89647 -6.30828 -11.7835 -11.9573 38.4534
-13.602 -0.407841 -6.87264 -4.66404 -3.53819 -1.76324 -10.852 -6.61965 -7.62141 -7.19046 -8.48658 -10.3216 32.8281
-17.5642 -4.4117 -6.23076 -7.97348 -7.58334 0.254147 2.35746 0.995984 1.29111 1.11352 -8.30822 -13.2084 31.7423
-18.2742 -5.00764 -9.23425 -7.72076 -3.43522 3.12041 7.64578 4.60076 -1.13563 5.23078 -4.16125 -6.6663 31.1409
-19.9133 -8.62929 -7.15101 -1.94065 -2.73329 8.35649 6.34324 -4.73568 -6.43114 -18.4477 -11.3918 -5.41593 29.8454
-19.1926 -5.66913 -8.71484 -3.48539 -7.54053 0.334167 -3.36158 -6.67425 -4.6684 -1.97221 -1.36637 -8.52708 27.6581
-19.1115 -6.12199 -12.8529 -5.14235 -7.01617 -4.06686 -5.49403 -2.16377 4.01267 5.6043 1.75183 3.449 26.3225
-18.728 -6.55163 -8.62646 -1.1129 -6.35302 -1.10413 4.96139 6.37322 8.18711 4.48123 -0.442324 -0.566727 28.6435
-18.3185 -5.83496 -10.4645 -4.33409 -4.66846 -5.82826 -2.7656 -5.28336 -6.93313 -1.22272 -2.45645 -0.664259 28.7618
-19.6169 -8.60069 -11.6146 -5.30632 -1.70202 -0.660013 3.53854 -6.00078 6.60623 -3.61031 -4.17411 -0.241374 25.6834
-17.4429 -6.61082 -4.59756 -8.19247 -7.50071 -1.01661 -9.76896 0.829049 -7.33177 0.409134 -4.22751 0.0591855 25.6248
-18.9504 -6.69026 -9.06682 -7.00418 -10.6558 -5.02837 -8.46495 4.59716 0.991854 -1.35762 4.57045 -5.43991 29.0283
-17.054 -7.34728 -7.13718 -4.67216 -5.26481 -6.21491 -2.93953 0.049288 -5.18889 -4.30318 1.84996 -3.1484 28.0586
-16.1169 -2.9771 -9.33763 -4.81444 0.665826 -4.60013 -2.87278 0.55377 -2.65832 0.338334 2.2748 -2.05363 26.6171
-15.5708 -4.73169 -6.21449 -7.65678 2.72332 1.87458 -2.12833 -7.83691 -5.78412 -0.891387 -4.10916 -1.06477 28.888
-15.7894 -4.84656 -6.07402 -5.81658 -5.77064 -1.89904 1.06502 1.15182 -0.706883 -4.94118 -1.46585 -7.40191 29.2395
-17.0294 -4.8659 -5.05796 -7.4838 -7.50434 -1.78035 -3.25689 -1.40888 -0.865671 -3.56893 -2.73534 -2.59033 28.0795
-17.2513 -6.24088 -5.16745 -3.85899 -4.55575 -2.28508 -1.90323 -2.13378 -1.53344 3.57792 -1.89687 -2.83404 26.6224
-16.7265 -4.60938 -0.604304 -3.20645 -11.3831 -3.54955 0.710779 -1.79224 1.85126 0.894757 -3.28477 -4.6628 27.7473
-19.1406 -2.11953 -6.77339 -6.18017 -7.3784 -6.48665 -2.72691 -1.23147 2.42826 5.52252 5.8783 6.39354 27.8471
-20.6195 -5.70097 -5.55728 -1.52867 -2.17287 -3.83568 -8.18212 -10.6419 -4.11315 2.82143 1.99653 4.1485 25.3214
-18.1083 -2.82923 -2.66726 -6.55389 -5.91169 1.71787 -5.19182 0.773009 -3.08902 2.64755 -0.254884 1.23444 23.8575
-18.7995 -3.34744 -4.07592 -5.58102 -6.67424 -0.714043 -6.88357 -0.795153 -2.2455 1.69114 -1.32272 -1.36297 27.3678
-18.2241 -5.53366 -5.76842 -2.72684 -6.64823 -0.464417 -9.26241 -9.73324 -10.0382 0.559929 1.08197 -5.73721 27.9377
-16.5236 -3.15332 -8.21139 -4.11693 -5.94929 -3.33937 0.0614616 -3.45858 -4.32035 -2.03648 -1.59351 -7.78092 29.2928
-17.8425 -3.4346 -7.56082 -5.14392 -1.42723 1.74059 1.35349 1.30692 -0.542223 -0.839738 5.28321 -1.87409 27.8079
-19.7592 -6.17858 -9.07495 -6.647 -9.02036 -2.83885 0.270768 -0.136626 4.5211 3.10308 3.38581 1.86474 25.8343
-19.2756 -8.70465 -8.30112 -3.6011 -7.80518 -4.85757 -6.60207 0.269844 -3.91556 -0.913265 -0.14978 0.165264 27.6285
-17.629 -9.45805 -10.0867 -8.66559 -7.05076 -4.31159 -9.18747 -1.66035 0.450077 3.35612 -3.4771 3.67976 28.0379
-17.954 -7.83948 -7.99667 -2.87603 -1.64976 0.181741 -0.592743 5.63357 -2.90584 -3.62288 1.72589 -0.919227 27.8448
-18.7973 -6.94834 -8.15532 -5.85209 -6.357 -6.41836 -1.91033 -8.70411 -5.34566 -2.38354 -2.05017 3.81251 27.827
-18.4059 -3.76601 -5.4707 -8.59535 -4.54072 4.58888 4.6136 4.73089 -0.657867 2.44504 -2.74491 -1.41567 28.3561
-20.9032 -6.18742 -9.52905 -6.74349 -6.05967 -2.09783 -2.28598 3.83708 3.33514 0.799033 -4.60645 -6.63972 26.6711
-18.1791 -2.06571 -5.05267 -4.9495 -6.46533 -3.3679 2.6063 7.57918 4.45083 3.14788 -7.18028 -2.029 26.8028
-19.0006 -6.80674 -7.18833 -10.1573 -8.35503 -2.04364 -5.79028 0.788626 -1.17638 3.38338 2.74789 4.13832 27.3643
-16.1519 -4.25547 -9.01828 -4.02874 -5.9906 -6.26391 -5.03271 1.12467 -1.69499 -4.17968 0.549663 -1.71701 29.0322
-17.0606 -3.98087 -13.3625 -0.602449 -4.45463 -8.6455 -4.67484 3.03097 -1.88621 1.72337 3.11591 -2.98987 28.709
-17.5345 -6.61854 -6.15018 0.950871 -0.287628 -2.94699 -12.1964 -3.29834 -2.97474 -3.67672 1.08981 -8.79625 28.2286
-16.1221 -6.22179 -8.73163 -3.73049 -11.4918 -4.84647 -5.02537 -0.114801 5.5058 3.26557 -2.03179 -0.328849 29.7697
-16.9083 -4.10964 -11.2418 -2.35858 -6.03926 -5.55359 -2.10171 -3.60421 -1.66528 -3.17431 -6.41229 -6.04231 29.3112
-19.183 -4.30297 -7.85105 -2.49641 -1.08982 1.92137 0.0023053 -4.5375 -0.179861 1.70556 -0.450561 -1.14733 27.5105
-16.5716 -2.72591 -11.2279 -0.189732 -5.14954 -2.80739 -2.37362 -2.96806 -3.07753 -3.68978 -4.84201 -4.13696 27.5738
-18.8513 -7.78777 -6.56782 -3.44296 -2.17096 -2.45255 1.71284 2.52596 3.97 11.3848 1.26117 -1.50031 26.6034
-18.3736 -4.15909 -6.16871 -4.49324 -4.36931 1.36447 -1.84542 4.7207 2.92646 5.67397 -1.29165 -1.35852 25.807
-18.2387 -4.57352 -5.05303 -3.15774 -2.22557 -7.2541 -7.21377 -4.19912 -1.35415 5.47216 0.132847 -8.12713 30.5211
-18.4266 -6.60881 -10.0321 -7.01982 -8.28663 3.86575 4.09992 -0.24568 1.62114 -5.1652 -0.0636238 -2.65485 28.5737
-16.6101 -4.74933 -8.72656 -10.2301 -9.49889 -2.90031 -3.21849 1.93031 6.6079 1.49076 1.36775 -5.31126 30.0535
-18.5825 -6.72006 -8.05579 -3.01099 -1.07511 -4.53587 -4.34115 -5.25444 -6.79664 -4.55822 -3.94532 -0.0440926 25.1652
-16.1727 -2.56816 -11.6181 0.722474 -6.91688 -2.57348 -1.41723 -3.62717 -0.432711 -3.23076 -1.7893 2.78312 24.3625
-19.8383 -5.43396 -5.51014 -2.42823 -10.4148 -2.39122 7.14595 2.76012 -4.62981 0.551999 12.2733 7.71106 28.3407
-19.2414 -6.69472 -5.60204 1.33147 -2.62744 2.53831 -3.48612 -1.61377 -1.05755 2.87344 6.73629 1.30321 26.6172
