-9.36756 -3.17593 -5.39548 -8.18282 -9.76127 -4.4686 1.61096 0.844531 -8.15081 2.26682 1.85872 2.20291 74.965
-17.3072 -9.49299 1.55252 -3.33777 0.539493 -5.7304 4.51688 -1.82907 -3.13593 1.20268 5.61132 3.78359 37.5831
-18.3064 -10.255 -1.9245 -6.38569 5.67261 -4.5011 9.72586 6.02452 0.758932 4.82175 4.13876 1.15018 37.7153
-18.4302 -9.94805 -0.0694495 -5.87441 6.11186 -8.44982 3.86091 2.20194 -2.01958 -8.12844 -2.94624 -3.42376 39.3708
-15.0219 -9.13812 -1.48525 -3.90069 5.43209 -1.30362 6.4089 5.22302 -3.79682 -11.157 -1.76727 -0.225327 38.4298
-16.3299 -8.05838 -4.78703 -7.51982 -2.8508 -2.36468 7.11028 -3.40123 -1.69739 2.94124 1.11697 3.34671 37.082
-16.8546 -8.09019 -3.12099 -9.65257 -1.84567 -1.52874 1.98127 1.27601 -1.21628 0.981578 -0.301195 -1.97911 36.8359
-17.3362 -10.5301 -1.93045 -6.57511 -4.05706 -5.0186 4.91982 5.03836 2.1001 6.56701 4.75965 -0.460156 38.483
-17.3272 -11.1581 -3.07899 -10.2615 -0.183823 -5.05967 3.29556 10.838 0.497509 1.54914 0.606328 1.17131 39.7613
-18.7495 -12.391 3.45175 -6.20906 4.02079 -11.3089 -1.10029 8.97563 -3.92072 5.54815 0.656679 -5.69389 41.2398
-16.3674 -8.41552 -0.961895 -11.4427 -3.30224 -6.10355 -0.0339111 5.29574 4.34354 10.449 5.42092 -0.547891 39.05
-14.8763 -9.49058 -3.86518 -5.69429 -2.40314 -7.90241 1.9532 0.786963 -2.73772 4.3566 3.47469 4.94921 37.9654
-17.0677 -9.66791 -0.738085 -2.51972 3.17028 -1.2204 3.68143 1.45832 -1.03737 4.78613 1.39926 -0.772166 36.6753
-16.4037 -8.45057 -0.437964 -7.98151 -2.93749 -5.43825 -1.11909 3.39652 -3.36097 9.57492 2.81912 -4.33663 36.2056
-16.5212 -6.63754 -0.207098 -5.48338 -0.0712737 -4.83246 4.58785 8.07344 0.954601 -3.10215 0.660664 0.347462 36.0497
-18.5873 -7.239 -2.76329 -3.67801 0.503739 -4.87373 8.74668 8.11875 7.75055 -1.00755 0.993365 5.18804 34.9243
-19.1062 -7.9304 -0.337726 -4.76982 0.831056 -9.19275 7.0398 3.32502 2.76961 2.80793 -2.6659 1.7396 35.9966
-16.5747 -4.26011 -0.760407 -4.01849 4.3232 -7.59189 7.14657 7.32116 -3.79587 -1.72657 2.22101 0.207884 36.3872
-15.6636 -6.46637 -3.95872 -3.96702 4.21183 -8.32859 9.05168 0.291598 -6.55551 4.97831 -0.172196 -3.46852 35.7209
-16.8592 -5.70413 -0.062998 -2.67403 1.88979 -2.75502 2.86622 11.2799 4.30461 4.03984 -2.85581 -4.70212 35.6866
-17.0651 -8.87831 -6.44323 -3.3706 0.875911 -3.21971 11.2595 8.63862 0.689907 14.7104 5.43411 4.66399 36.2694
-16.5079 -7.65939 0.344689 0.531116 2.44285 -5.78985 4.37177 -0.725506 -5.23519 -1.21652 6.62582 -2.00426 36.5715
-18.1518 -8.34703 -1.05333 -0.963827 1.50647 -6.77807 14.8729 -0.318467 0.446744 4.0676 1.4599 -5.13573 37.4606
-21.7131 -11.9771 -2.05912 -9.6033 7.05439 -5.36942 6.37151 0.866752 6.30718 -0.916218 8.24375 3.52254 40.0874
-25.6358 -15.5351 -1.41756 -12.7507 12.6746 -7.06841 6.89938 -4.47167 14.4696 -5.45707 2.98058 -1.86758 48.6515
-23.861 -14.1942 0.451917 -11.1729 9.27239 -7.03509 1.11349 -4.10925 9.65658 -6.90638 -6.01771 -2.54724 47.5028
-21.9843 -18.235 1.28776 -8.06462 7.98298 -8.41896 1.82342 -9.29902 5.94842 -1.46519 -2.9546 -4.3202 47.1961
-22.304 -14.2222 0.637427 -7.45309 12.3208 -6.43687 1.54869 -3.73497 8.0944 3.5222 1.84549 -2.02647 45.1335
-24.7231 -13.5505 5.48709 -4.82682 9.36417 -4.45147 0.342393 -12.5137 -1.97797 -1.5685 -6.16264 -2.05549 42.7687
-22.7812 -10.8376 9.06573 -3.98205 4.2002 -3.96302 8.14684 -1.3506 1.96801 0.878798 3.42689 0.805032 43.2578
-21.4999 -12.1021 3.66319 -4.91101 3.93613 -5.74834 11.4822 -3.34885 -0.509838 -3.99353 -3.29438 3.15335 41.6183
-20.3137 -11.5329 0.596159 -6.68992 3.95155 -5.10872 3.89712 -3.87944 6.75301 -1.9067 -2.77314 3.80566 40.5278
-19.1956 -10.9293 1.20563 0.904924 8.01242 -7.47281 0.691903 3.36084 -1.96946 -1.95324 4.74861 3.14006 38.8125
-19.0114 -11.3565 -1.78574 -8.04615 6.18513 -6.56723 1.04453 -4.13266 -2.20177 -0.289396 -0.388262 -0.509277 37.6295
-18.6074 -8.94797 0.388909 -3.67947 9.59565 -2.96327 -1.15791 1.99801 -0.419036 3.43262 7.56073 1.19267 38.0002
-18.4655 -7.29587 0.108585 -5.49008 3.29487 -1.25689 0.0425644 -5.047 -3.38954 7.87682 10.9228 -2.26998 37.5293
-18.6943 -10.812 -2.16859 -2.23278 5.28172 -6.61695 1.54038 -4.61052 -0.286858 5.66178 -1.26489 3.66759 37.7203
-17.2386 -8.1642 0.597928 -4.7066 -2.19552 -7.78571 7.26373 -2.01418 3.15996 5.44316 4.29053 3.88575 36.6603
-18.6962 -9.30057 3.13224 -6.61024 -2.7868 -4.11345 -0.694645 -2.3336 -5.16497 3.19684 -3.98681 2.78542 37.9068
-23.8188 -12.6892 8.13922 -4.64035 6.20233 3.31274 15.1568 -8.64864 -0.486769 5.77338 -4.381 -2.69268 41.771
-20.5836 -8.59937 8.02543 -7.12738 6.10673 -10.6815 11.4969 -4.05269 -1.49211 0.935944 -0.360235 4.06722 41.307
-24.7662 -15.2853 6.98676 -9.44813 10.2479 -12.8784 7.08636 -2.21139 4.28771 5.6271 1.93018 3.18406 46.2527
-23.3602 -15.1316 10.4427 -8.56764 7.51237 -10.2252 -1.15682 4.44395 -4.22008 4.20384 0.688255 3.55433 43.5876
-22.3169 -11.9191 5.80958 -5.39978 10.7979 -8.02361 2.32017 -2.22724 -2.01578 3.86918 -4.0624 -3.15128 40.6239
-21.1883 -10.7725 3.93883 -4.0424 8.26791 -6.58527 4.30256 -2.52267 -3.5924 8.41393 7.19976 1.647 41.1658
-22.5841 -12.2386 5.59904 -6.77296 11.0495 3.83196 4.72881 -2.6688 -12.0007 -0.391925 4.70054 -1.0316 40.8
-19.7738 -9.894 -0.611206 -11.2757 6.72511 4.70334 5.631 1.57974 -6.70279 -0.1962 -2.73593 2.74414 37.9632
-19.4951 -8.09214 3.95165 -1.80014 12.3821 0.48951 10.0765 3.99682 -3.17359 2.00957 0.378647 1.76464 36.4857
-18.6662 -8.43145 -0.287494 -5.25697 1.9713 -6.79403 4.96491 -4.85167 2.40638 6.00185 -2.12572 4.10169 36.9024
-17.1997 -3.80802 1.35838 -2.76995 -0.339369 0.629174 8.15877 -2.45478 -5.43454 0.686474 -1.33817 3.90354 35.8437
-16.6433 -4.09072 -2.85013 -5.05642 5.57422 -1.48739 3.69923 1.04454 -9.17071 1.60731 -1.06633 5.66259 36.3331
-15.6389 -5.64026 -1.92162 -7.45338 -0.112523 -8.07784 5.20834 -2.47605 -6.61385 7.73169 -0.875776 -3.78216 36.1905
-16.9886 -7.37649 2.52115 -1.72959 3.60437 -9.54944 -1.84701 -2.41012 -5.49021 11.5124 6.21507 0.308126 35.8496
-18.7238 -13.0341 7.03447 -0.643645 1.65926 -1.0275 -2.53541 -5.86328 -1.13577 2.30005 3.69898 4.28541 37.8188
-16.3827 -14.4463 3.78397 4.40245 1.42654 2.49915 5.80008 -2.4041 0.245337 -0.987795 3.02889 2.90964 39.3095
-19.0901 -15.4939 1.28993 3.58856 2.99654 -1.83073 2.61973 0.921098 0.795911 1.962 -0.737258 3.10503 38.3666
-17.8288 -13.7154 3.63482 1.62849 -2.55414 -7.93933 -5.50087 3.03165 6.63204 0.355329 -4.38912 0.524991 37.7217
-15.641 -12.0816 -2.11571 1.25002 4.34132 -1.5116 1.71411 3.66654 3.15109 5.37306 0.21785 2.71358 37.5415
-19.1452 -10.2687 -2.19313 -3.15949 7.01336 -6.70971 2.65677 5.09223 2.54884 -9.79815 9.91324 -0.672579 38.6179
-21.8678 -7.65537 0.700482 0.0470549 8.31528 -5.06281 1.88082 1.61644 -0.947635 -5.00751 19.4354 2.23387 38.1423
-16.4972 -9.97641 -0.0662515 2.13662 5.51591 -2.45936 0.404054 5.05544 0.972752 -2.84091 -0.342678 -1.37538 36.6136
-16.6539 -8.79292 -1.54667 -2.20428 -5.53655 -12.4584 -2.21126 4.3019 -0.780346 4.54097 5.51177 -6.74398 35.1197
-14.4731 -6.02044 -0.162813 1.94215 -1.70542 -6.67581 -2.35496 2.33491 1.88538 6.24059 4.96934 -0.738889 35.3809
-16.0504 -9.00191 -2.40255 -0.224612 -2.58863 -5.28232 2.20474 -2.46277 -4.95442 7.93668 1.27786 4.23195 32.8298
-12.8669 -4.37878 -2.60477 2.24706 -2.73689 -8.25152 2.29056 2.94232 2.66933 9.08704 4.38799 -1.56385 34.631
-14.7791 -7.03895 -1.49553 1.31643 -4.82473 -3.75926 3.43006 3.97772 0.965641 6.98797 9.20273 4.89822 34.7709
-11.775 -0.641367 0.767767 -0.756072 -6.77552 -3.97994 -6.96346 -8.60858 0.0919294 -2.58823 4.40914 1.2428 36.4354
-5.77744 3.03662 -0.264362 -6.67997 2.42766 -16.3047 -5.76893 -6.07679 -0.227014 0.97821 -5.24288 -0.18163 43.9805
-7.35663 3.00614 -1.53415 -12.9356 8.68062 -21.0915 -13.4464 -9.41683 9.28145 -2.1851 -15.0149 1.7333 47.6436
-6.83322 3.78679 -2.25849 -18.7922 5.04388 -18.5762 -11.9706 -10.6898 7.26788 -5.07478 -12.3509 1.1144 48.6085
-7.06566 7.39363 -0.127997 -18.0249 -0.904851 -18.2934 -4.80157 -12.9917 2.22934 -5.17165 -8.04229 -0.44724 49.0551
-8.44904 9.717 1.48683 -19.8008 -5.10201 -16.6634 -1.82394 -8.57382 -4.03281 -6.3151 -3.12862 0.154387 49.6379
-5.88669 4.57535 1.08059 -14.8231 -5.08873 -19.7474 -4.49932 -8.72417 -2.04052 -2.38005 -9.96157 -1.36299 49.607
-7.54526 2.07174 2.32493 -13.8276 -6.00028 -19.3737 -5.58571 -3.43242 -6.04222 -6.98117 -7.28964 -2.19859 51.4481
-8.86499 1.65277 3.38114 -15.8661 -4.56266 -19.5166 -5.31314 -7.70908 -8.1666 -0.75247 -6.23358 -8.78462 52.1856
-8.75184 0.040842 -1.35105 -24.2843 -7.28226 -10.9409 -6.42198 -5.76929 -0.0892983 0.938447 -11.9684 -4.34306 56.3313
-9.94035 1.54035 -3.38225 -29.735 -11.8173 -8.56958 3.45394 -10.3456 3.29819 -0.28037 -10.5686 -4.2921 58.8428
-10.4895 1.44206 -2.31585 -32.2733 -11.7375 -8.51007 11.836 -11.8938 8.72514 -2.71855 -15.8095 -5.54758 60.2787
-9.90977 -1.49442 -3.62578 -31.4983 -11.8467 -7.79784 14.7167 -13.2768 9.42672 -4.09242 -17.5209 -8.13915 61.5371
-10.6268 -0.502422 -3.42067 -33.6558 -7.99349 -8.7165 18.5495 -14.0549 2.69235 3.08931 -19.0261 -9.26466 62.4666
-10.0418 -1.09713 -2.64259 -31.8675 -7.35916 -6.57974 17.1659 -15.6919 3.06648 2.43093 -15.7807 -7.77241 62.2212
-11.3423 -1.90992 -3.26245 -30.4096 -11.912 -8.30925 17.6843 -17.1415 -4.37613 2.59892 -16.3186 -9.32743 62.2923
-11.6743 -2.67299 -1.84308 -30.1893 -8.1845 -14.7931 21.2636 -13.71 -6.9285 -1.49915 -9.81104 -13.1654 62.164
-11.914 -2.51078 -1.46569 -28.1549 -11.106 -12.1977 23.0369 -13.8042 -8.11665 -2.21849 -5.64927 -17.1657 61.7375
-12.4256 -3.07491 -0.504589 -27.95 -10.9473 -14.6026 24.2391 -9.34469 -7.7049 -5.55438 -7.18386 -18.8627 61.3864
-12.4528 -3.46446 -0.398198 -27.3623 -8.19482 -18.4834 25.5847 -3.45759 -8.29995 -9.20225 -7.12182 -17.308 61.7244
-12.9703 -3.0857 -1.5392 -24.0834 -9.04021 -18.7237 26.5353 -1.03607 -15.7554 -2.91858 -6.56075 -11.1873 62.7056
-12.199 -4.66753 -1.02789 -23.9092 -5.30885 -24.5582 26.2548 -4.07556 -11.3516 -4.74715 -3.57799 -12.2285 62.4409
-12.8191 -6.02368 -2.32734 -19.0699 -5.24722 -29.2789 19.3644 1.07447 -11.9207 -7.88873 -5.73169 -13.8679 61.6435
-13.0211 -6.93921 -2.67997 -18.39 -4.18223 -29.6011 17.9898 2.40111 -11.5703 -10.6814 -6.88301 -12.0845 59.8508
-12.5153 -6.89783 -2.05389 -16.0047 -3.13499 -30.2653 21.4629 3.35402 -9.48806 -12.5494 -3.21347 -8.92695 60.0235
-11.295 -7.14041 -2.60985 -14.9541 0.246886 -30.0282 18.8802 2.43856 -5.85762 -14.1111 0.492297 -7.66475 60.5268
-10.4962 -8.92855 -4.51947 -13.3223 2.56163 -32.751 11.9696 2.06402 -4.93222 -15.0559 -4.27971 -5.66581 58.9748
-9.65318 -9.2422 -5.50718 -12.9523 2.99627 -30.4419 14.4557 4.63504 -2.32328 -11.4666 -4.79346 -5.77377 56.7806
-9.07664 -7.0572 -8.68805 -11.858 4.26826 -29.1633 10.5892 4.70858 2.46673 -13.0691 -7.73269 -3.72321 56.9917
-6.89554 -8.32006 -11.8543 -12.9251 11.8222 -29.2665 4.40715 5.86701 4.52263 -14.9141 -6.538 -4.4633 56.5877
-7.37224 -7.81122 -14.6696 -9.73252 8.89394 -26.5327 6.06197 2.02741 6.31132 -14.1479 -10.5218 -5.13031 54.9072
-4.97748 -7.91091 -15.4825 -11.1402 6.23638 -19.4104 1.88678 4.91527 5.80533 -5.47735 -20.6437 -7.93466 51.451
-1.56782 -9.1775 -18.6078 -7.85892 6.26538 -15.483 -6.21901 3.65099 8.22196 -2.91234 -20.1724 -7.37287 51.3736
-0.365999 -6.15149 -20.9066 -11.1745 8.87364 -13.7144 -3.49321 -0.922641 5.57955 -1.03476 -11.9938 -2.99158 49.7262
-3.22108 -4.6597 -17.6404 -13.9542 6.77256 -16.0876 6.42024 -4.81324 8.33288 0.479034 -17.8916 -7.24679 48.0402
-1.4024 -5.6128 -18.1127 -12.458 2.43865 -13.8879 3.08299 -4.14412 8.05451 9.49516 -18.2167 -12.0221 48.133
-1.52119 -2.32989 -19.4802 -11.705 -0.433041 -14.5949 6.91384 -6.56399 6.81045 3.19592 -5.34857 -8.91098 47.1296
-2.41657 -2.89755 -18.3381 -12.7957 -0.431451 -11.3361 -4.8408 -5.57145 11.5553 0.895888 -6.99685 -7.23171 45.2619
-2.39247 -1.6737 -20.25 -17.0746 3.33654 -11.8826 -9.82856 -3.32667 8.42282 4.23943 -8.02277 -11.5228 45.5153
-1.9672 -1.57326 -15.2024 -16.7775 -2.13927 -5.57714 -4.5361 -4.76059 5.9864 3.66397 -1.60349 -8.56687 45.2461
-3.54602 -1.92034 -14.2949 -17.3572 -4.47604 -4.16702 -2.29101 -4.27796 11.4377 -3.36964 -9.50288 -5.89426 41.8041
-6.45043 -5.00915 -8.60151 -11.1969 -4.70837 -6.66737 -4.24938 1.21596 5.35901 2.34464 -1.34647 -5.57795 41.6438
-4.53818 -1.99634 -8.26006 -7.15962 -7.24911 -15.0449 -5.78492 -1.37367 7.4185 -1.18054 -1.97868 -2.43875 41.0516
-7.73804 -3.84601 -6.08916 -4.22455 -0.237357 -1.17161 1.05183 -5.36067 3.63722 6.51415 -1.50654 -4.48525 39.1242
-11.5708 -5.79753 -9.02445 -1.64489 -2.54047 -8.74984 0.149385 4.15686 5.75156 -5.42226 -0.765217 -3.54163 38.69
-14.0201 -9.23815 -9.57655 -6.03873 8.4179 -11.4198 -0.373551 0.663074 10.5065 -0.615675 -6.51431 -3.94008 38.6432
-12.9171 -9.02685 -10.1081 0.437282 4.90164 -12.5572 0.80598 1.22427 10.0527 5.11491 0.494819 1.75613 39.1764
-12.6265 -6.56967 -9.69646 -1.01216 -0.77564 -11.2558 -4.32732 -4.92429 0.381886 -2.41459 -0.883701 0.0426689 38.4046
-12.4035 -7.20139 -6.21814 1.79445 4.22061 -10.3819 -6.26508 -6.49631 5.02828 11.4199 8.79582 0.342821 36.3374
-12.404 -6.91422 -1.73465 5.21367 0.397381 -9.52395 -2.00844 3.36895 -5.5163 4.16017 2.17469 -0.71915 35.9245
-13.1346 -7.97086 -4.35152 1.21252 -3.74288 -4.57471 -4.13922 3.65723 -4.17222 0.201251 -4.83551 -4.04536 35.8117
-13.5628 -6.54191 -1.83192 1.83266 0.414944 -2.06474 -2.64926 -2.8336 -0.136876 -0.324623 2.92655 -0.378985 36.2924
-11.2786 -4.65609 -5.19835 -3.35024 -2.24437 -2.37618 -2.13045 -0.879427 -2.86166 4.45975 -4.84787 -2.98822 35.2123
-13.8357 -5.11873 -4.60286 -0.779769 -4.90561 -2.92863 5.50125 4.32001 -1.97207 0.271681 2.07728 -1.42858 35.0288
-13.862 -5.61039 -1.984 -4.35609 -3.04203 -6.68474 1.58636 -1.69741 -1.04093 2.55422 5.30356 4.49159 35.0736
-15.7815 -5.92825 -5.38178 -5.0136 -4.53062 -3.76062 8.86842 -2.41676 -10.5633 2.86154 6.58981 3.24113 33.9667
-14.7128 -2.42502 -4.33794 -1.70253 -1.66845 -1.49909 12.5552 1.88458 -5.05911 0.935766 2.03076 -2.96149 33.6095
-15.377 -4.70882 -5.37802 -3.66771 -8.50131 -10.3394 5.95271 3.81557 -8.58611 3.33079 6.17816 2.23095 33.8752
-14.213 -12.2733 -0.579663 -1.53494 -1.62836 6.04329 3.10557 -1.63937 0.399719 0.735775 -2.73159 3.6189 37.5457
-13.9127 -11.7099 0.790046 -1.0582 3.61498 8.12966 0.906891 -5.65938 -3.56555 -10.6083 -8.13835 -2.46719 38.935
-14.276 -4.20401 -4.00321 1.07581 -0.998296 0.129837 2.94751 -3.36634 -4.93665 -3.03585 -1.14944 -1.35707 34.718
-14.5073 -4.87309 -1.00242 -2.50202 -4.35936 -4.2064 3.05782 1.65689 -1.45805 7.31036 4.89971 -1.43655 34.0885
-15.9253 -6.31484 -0.75107 -1.91368 -5.44286 -8.03553 2.84765 8.72856 -2.9463 8.67713 6.93243 -0.626504 33.5348
-15.384 -4.44865 0.212965 6.55375 -1.20066 1.51114 0.816079 -3.16435 -10.6323 7.14077 9.89522 0.0818505 32.8257
-17.5857 -8.07352 0.109908 -1.52969 3.80351 -2.42534 9.39095 10.573 -8.33927 1.39356 3.15415 -0.839959 36.3663
-16.822 -5.5327 -1.29884 -3.2121 -1.37434 -6.43898 0.581771 2.83192 -9.55931 0.327504 2.68432 -3.85996 36.0268
-15.3686 -4.17884 -4.22762 1.02412 1.74608 -3.24824 14.974 1.6991 -2.5818 7.9227 -0.140517 -5.23089 33.4535
-15.2697 -3.98167 -0.0701312 -0.48541 -0.940451 -1.47492 0.978478 4.61251 -7.10906 -1.03081 -0.976568 -8.6605 33.7998
-13.2286 -3.73175 0.669574 -2.17131 -5.3284 -5.39506 7.48391 8.38941 -4.04039 -2.15186 -0.079563 -8.89967 34.2733
-16.5297 -10.6831 -0.919634 -3.99729 6.50145 -7.7512 6.68263 4.68737 -9.85729 -2.52016 3.86145 -7.19639 39.997
-17.0159 -6.87631 -2.87251 -6.82382 -7.27137 -4.292 4.74265 3.53452 -6.44346 -4.82983 4.99824 -3.27924 35.0829
-13.3312 -4.12643 0.748091 -1.6215 -6.24271 -6.27719 -1.41688 6.50675 -3.97752 -1.20691 5.93093 2.45769 34.6794
-15.447 -8.31566 2.71957 -0.845036 -1.19501 -3.93468 -3.43633 1.91449 -4.29269 0.186259 -1.89521 -4.79471 36.0766
-15.7821 -9.63051 2.0455 -7.61694 -7.43829 5.91236 -5.96914 3.27646 4.87321 8.22749 -1.10967 0.724457 37.2803
-13.7199 -9.22872 1.7216 -5.36363 -3.80684 2.31266 -0.243435 1.22868 -4.35056 -1.14499 1.97621 4.80814 36.6771
-13.988 -16.0251 -1.16873 -6.0147 -1.95232 -0.00766687 -1.56073 -1.48391 -12.7564 -8.3279 0.0223172 -2.88853 42.998
-9.03516 -7.14675 -1.72016 -0.736368 -2.09832 -1.3803 -2.51339 -6.81502 -10.2279 -2.89429 -5.57264 -6.07955 40.1838
-6.52777 -2.44973 -8.34985 -4.47397 -11.458 -11.6013 -4.8636 -9.15143 -6.67715 -0.0672076 -5.38126 -0.0233568 39.7286
-8.13554 -5.45456 -2.90689 -5.87269 -3.84893 1.40566 -1.22725 -5.56666 -1.89254 -0.112276 -6.88086 -3.22512 38.0594
-9.13921 -7.7661 -8.02975 -3.69504 -1.77044 -1.37508 -0.277328 0.210581 -4.59491 -0.567901 -0.651563 -2.32654 37.6963
-10.5744 -9.49916 -9.39819 -3.79597 -3.11704 -8.21027 -0.176604 1.66507 -4.79538 1.17285 -1.38021 -4.49804 37.3516
-12.296 -6.18438 -3.36309 -3.24039 -4.23239 -0.384264 1.85662 4.35624 -2.29156 1.67737 -4.72299 0.384062 35.1035
-16.5716 -5.84495 -3.37857 1.04358 3.55221 8.21184 3.45158 -4.98094 -3.08591 3.51415 3.91593 -4.52919 33.6609
-12.6518 -3.40983 -0.697626 -0.662254 -3.62052 0.293673 1.46024 -2.30222 -6.71983 6.87756 7.63509 2.1327 34.6846
-9.86755 -2.3647 -1.24623 2.59575 1.03551 -5.72569 -0.273791 -3.36809 -6.81694 -0.00318462 1.86972 2.39641 35.9627
-10.5232 -0.306181 0.368884 1.79608 -1.31416 -0.0433941 3.42167 2.63825 -8.24239 -0.268519 3.64148 -3.81477 35.0589
-11.8701 -20.331 -9.15752 -7.72747 1.22377 6.98039 4.08103 10.4708 -6.05455 -0.517928 3.48131 -3.2424 43.6747
-13.0029 -19.1002 -11.6091 -4.19773 4.74588 9.86436 5.56142 6.19782 -3.60992 0.68753 -5.09605 -8.94158 41.3347
-12.8891 -5.40924 -3.61903 -0.610019 -1.19517 3.48142 5.95601 -0.254568 -10.8911 3.8703 4.33495 -2.80145 34.1424
-14.4009 -3.30092 -3.28599 -0.675456 1.07219 8.17338 8.96567 4.76784 -5.86941 5.61322 8.20815 -7.6886 34.0148
-14.7529 -6.25858 -2.42279 1.60104 -3.6762 0.38559 2.76168 -7.98077 -8.96155 4.49182 5.44061 -2.66005 34.3817
-14.0677 -3.91591 -0.785271 4.14052 -0.792094 -1.71758 0.208178 -5.45466 -9.2095 0.90247 2.35458 3.56318 34.2279
-14.2531 -5.32935 -0.252462 1.3234 -8.39436 -4.33056 -0.310586 -7.89963 -3.81383 4.97553 1.78641 -0.660659 34.334
-14.2452 -5.69014 2.19585 1.3376 0.502603 2.09989 2.5102 12.798 -2.80874 1.40054 8.44827 -8.0182 34.1165
-15.71 -20.2036 9.78195 -13.4937 6.98041 -6.6665 0.237693 -9.27446 -9.52948 -8.673 -7.58649 1.29091 52.6921
-12.8233 -18.3679 6.35941 -17.5737 2.84258 -7.27807 -4.73579 -14.2238 -16.6822 -14.5547 -16.4193 -6.28558 56.1265
-5.43136 -7.80496 -7.9406 -8.70838 -3.75257 -3.54654 -5.20458 -2.89685 -12.3487 -16.668 -9.32035 -5.63341 45.8543
-5.10307 -9.93142 -6.27144 -4.84488 -11.4023 -6.60588 -5.18936 -10.1227 -8.47466 -5.02253 0.0275019 -0.543297 44.9785
-3.93556 -7.31257 -5.18937 -2.11188 -5.62711 -8.92913 -5.28469 3.42054 -8.19682 -2.56056 -0.997554 -8.41999 41.0401
-9.19414 -2.53924 -1.56525 -2.40077 -5.62268 -4.31569 0.0251052 -4.13435 -9.21974 -3.90256 1.64193 -3.81839 37.466
-15.0836 -3.2114 -1.09731 -1.65182 -7.70577 -5.9813 5.51692 3.21201 -9.55296 -4.12876 -2.45192 -3.4926 33.9033
-11.5962 -4.47134 -1.07233 -4.39609 -6.70519 0.0975072 10.3766 -2.117 -8.43787 0.317292 -3.85646 -4.17884 36.5711
-5.75476 -5.95659 -6.35313 -7.48974 -15.3564 -0.575722 0.225109 -2.35587 -5.70172 -0.225732 -2.34369 -2.69621 40.1114
-6.07352 -3.59558 -9.11433 -3.89916 -9.9604 -4.36056 -0.976154 0.62076 -2.16558 5.36478 -6.73153 -4.5513 38.9453
-7.85494 -7.66604 -5.4188 -3.13428 -6.76697 -2.33673 1.42122 3.43671 0.670287 3.19271 -0.517519 0.87631 38.3657
-8.2489 -11.1589 -13.7521 -8.6723 -6.64159 -4.4212 -0.874192 -0.508732 -6.44296 -0.196591 3.37337 6.03139 38.4246
-8.1418 -8.25269 -15.4071 -13.2868 -4.2241 -2.93007 -4.22735 -6.0618 -0.730688 5.37021 7.06027 -3.99948 39.8403
-7.23468 -10.8441 -8.99951 -10.1052 -4.76608 -5.35144 -13.2897 -4.41158 3.26794 3.15825 -1.30154 -1.14684 41.5835
-8.24399 -12.9968 -11.3939 -9.11443 -6.63388 -3.50417 -0.178745 -4.55929 1.17963 0.505338 0.764158 -4.85622 43.0211
-7.71475 -14.5221 -13.6395 -10.8299 -5.3864 0.254162 -2.54099 -0.799976 0.787716 -3.72162 -0.0149942 7.3149 43.1199
-9.00744 -9.72545 -10.7988 -9.38127 -12.0822 -3.215 -3.38465 -1.23444 -1.29528 -0.707357 1.02549 2.99199 39.4643
-12.128 -3.17643 -4.14989 -1.52416 -8.0906 1.35649 3.54467 -0.780348 -5.18433 5.85549 3.23024 -4.13627 34.6404
-13.416 -5.7013 -2.0465 -0.360991 -6.59689 -3.89753 0.0167137 -1.90326 -1.35864 1.9701 4.2964 1.22345 34.3041
-14.4997 -4.97403 -2.88672 3.65913 -2.02564 -1.7248 4.90311 -0.582536 -7.60159 -0.480864 1.22695 -3.44725 33.4347
-10.5717 -7.59638 -5.99027 -3.42087 -4.11235 -3.66518 4.58082 5.85542 -0.142059 1.67059 3.34674 -5.67722 37.5024
-11.077 -11.7818 -14.7146 -12.2976 -9.12241 -1.58734 0.140137 -4.80151 -5.48521 5.57553 4.61612 1.58207 37.2221
-12.2001 -10.9685 -8.34326 1.08313 1.76013 -1.42318 -4.94232 0.394342 -2.30961 4.50603 2.31378 7.01946 37.3513
-10.1838 -9.7737 -8.0882 -0.991329 0.0417237 -2.04469 -7.22261 -6.06078 -12.2214 -2.19196 -0.952996 3.52401 37.1777
-10.4981 -7.24774 -5.99592 -2.74385 -7.05677 -2.5653 -2.35127 -3.56791 -12.1129 1.68439 4.08495 4.31536 36.2388
-9.22049 -7.44254 -6.17803 0.0531987 -4.57037 -9.58851 -2.17834 2.55982 -5.5724 -4.00803 2.71365 -3.0839 37.9465
-9.00982 -9.95717 -9.54967 -3.13432 -3.25532 -0.560203 -0.599182 0.52877 -1.46256 -5.73019 -1.40148 -7.92173 37.3135
-9.5233 -6.20307 -8.57817 -3.33405 -5.76771 -1.42018 -3.09919 -10.9688 -4.26618 0.495257 6.50625 -7.15826 37.5143
-9.03997 -3.86102 -6.06361 -4.92784 -0.0434358 -1.96625 -5.5592 -7.80838 -2.35616 -1.09284 -0.882136 -5.89336 37.5435
-7.67397 -7.09196 -10.3936 -8.68372 -5.32131 -0.772932 1.85704 -1.17995 2.30781 0.940359 -0.351416 -1.40894 38.3222
-8.77007 -5.02109 -6.86865 -7.76253 2.08661 4.87458 0.374348 -3.19182 -5.59903 -7.79517 -1.68697 2.35006 36.6798
-10.8352 -7.62374 -7.92908 -6.60862 -8.78379 -1.71447 -2.17725 -0.270257 -6.80151 -5.95742 3.52873 -0.390571 35.2987
-9.76945 -2.23282 -5.68943 -3.32905 -8.30216 1.04986 4.82189 -5.06409 -7.69259 -7.79987 0.198669 0.227151 35.9765
-10.1735 -7.57409 -7.53872 -3.53146 -10.842 -4.51252 0.248301 3.49732 -0.89975 1.55977 3.21522 5.9891 36.9231
-13.8302 -6.85341 -3.04771 -0.273484 -4.0328 2.93424 4.04925 9.29454 -5.2957 4.18629 4.05969 -1.69111 34.4668
-14.0229 -7.88233 -6.19829 -0.530914 -1.16899 0.820922 10.1163 5.40225 2.35617 7.45126 8.07807 7.11547 34.4993
-9.74284 -11.388 -10.5935 -2.07836 -1.17772 -1.49474 -1.04184 -6.73906 -2.71742 -2.84275 4.20625 -7.1915 37.4468
-6.35637 -12.9641 -15.9065 -2.3863 -1.11909 -3.62922 1.27867 -2.277 -3.66369 2.7269 6.06344 1.02276 40.6162
-8.00445 -14.4482 -14.1671 -6.56066 -2.79503 -1.92006 -3.69279 -1.72419 -4.13827 3.68252 4.00918 4.53859 41.643
-8.04424 -12.9664 -12.0921 -4.37205 -6.90721 -1.93254 -4.24604 8.20386 -3.52363 2.87113 -0.475315 -3.86053 40.8553
-9.74536 -9.14315 -9.62759 -3.00211 -3.65747 -0.703238 -0.309838 -1.9156 -4.14547 4.3989 -0.756028 -3.30585 38.889
-14.1359 -5.62176 -6.88361 -6.91527 -9.01449 -1.38202 2.03996 2.62268 -5.486 10.4948 6.52442 -5.66394 35.0979
-11.6609 -13.6748 -4.99568 -0.797162 6.16933 6.89973 1.44398 -0.543292 -1.29386 1.43279 -1.83679 -3.06537 38.5094
-10.7601 -22.992 -9.52629 -8.7944 3.69549 9.89866 -9.27944 -2.72401 1.93103 -0.578143 -0.288273 0.691154 44.7746
-10.1905 -10.9631 -10.8129 -3.54485 -2.47226 0.461304 -3.43326 -2.03495 -3.88729 -4.35871 -1.37915 -4.58811 38.5247
-12.6543 -5.94577 -5.28108 -1.23321 0.0984747 -5.7413 -2.70785 2.19299 1.0102 3.51045 8.53038 -3.49805 36.2011
-12.1909 -9.93922 -9.02581 -5.71524 -0.251967 -5.19263 -0.715528 4.04862 -0.991688 1.40518 4.53741 -0.764826 37.0311
-7.57673 -11.9861 -11.8795 -6.7351 2.54226 9.14176 -2.3433 -5.3223 -7.02907 3.79417 1.14444 -2.12154 41.8309
-8.62574 -16.2127 -9.76166 -3.1879 2.19896 3.74348 -6.8213 -7.76974 -3.47078 -2.53016 -0.487303 -3.05516 44.7446
-8.42513 -17.321 -6.37002 -9.17118 -3.80633 -3.55033 -7.00594 -2.49746 -4.99565 -3.1729 -0.871549 -2.92511 47.3431
-6.57543 -14.8488 -6.42549 -11.4359 -1.07144 -1.88767 -0.118988 -0.58121 -3.28908 -4.54109 -3.65141 -1.84815 49.8648
-6.08947 -16.9153 -8.8229 -12.9798 -2.07086 -5.51677 -0.970442 -9.6528 -2.49826 -1.47982 -3.00948 -2.24875 49.7828
-5.74359 -15.5218 -6.74896 -13.466 -6.33999 -10.52 -6.11789 -0.264974 -5.07994 -6.1757 3.55406 3.09793 49.4025
-4.36623 -15.1889 -8.35163 -13.8438 -7.17075 -6.2327 -6.58718 -5.56851 -7.65875 4.01126 2.26908 -5.48079 51.8463
-6.1106 -14.8475 -5.36323 -7.80178 -5.78848 -6.20765 -8.97652 -10.3752 -7.91529 3.79738 -2.97381 -5.31844 49.0909
-8.8657 -18.9681 -9.13021 -5.56131 1.10303 -5.35777 -12.3742 -7.81378 -5.06246 3.25175 1.2547 3.53203 45.713
-11.1867 -16.2862 -8.93097 -3.05044 -1.58693 3.64443 -4.05771 -5.96925 3.57418 3.26155 2.74889 -1.59406 39.3829
-13.0415 -5.39144 -4.42637 1.31065 -1.53107 -7.0517 2.99167 2.79072 -2.2866 2.66369 13.0156 -0.432428 35.4765
-17.115 -8.63054 -3.46371 -3.1029 -2.8294 0.228602 1.52833 -0.745682 -1.46532 2.33099 5.32356 -7.02485 34.4689
-14.5753 -4.62755 -3.17166 -0.541597 -2.6583 0.593354 1.04871 0.175509 -11.4339 -3.77915 7.82634 2.47533 34.0046
-13.3384 -4.93258 -2.42953 1.94341 0.682043 -1.86237 1.64544 -0.955542 -8.4366 5.41582 10.4032 6.48866 34.6133
-14.6318 -4.36884 -1.99824 -0.883854 -1.037 -5.93049 -0.939872 2.15035 -9.19235 -1.54699 5.7431 2.54686 34.4099
-13.8055 -5.58601 -1.85644 2.15954 -2.28022 -2.70938 0.990528 0.65594 -5.17566 -1.1834 9.16642 1.11989 34.4314
-14.9628 -7.75504 -2.9934 -0.853777 0.331139 0.390466 8.26147 0.339774 -3.21689 -3.29487 9.49744 0.850765 33.7848
-13.9661 -5.52534 -3.88283 -2.82941 -6.1028 -4.92428 -1.64142 2.00701 -6.62468 3.6348 5.32022 5.03215 34.3777
-13.3918 -3.2092 -3.54479 -3.22525 1.4571 3.54653 4.18357 1.09639 -6.14854 4.44055 0.00373231 -8.14433 35.0069
-12.8603 -3.86806 -2.47265 -2.95923 -5.59018 -0.663191 3.60196 -2.49915 -8.50618 0.828227 3.47708 -0.773792 34.4639
-14.3725 -4.61208 -2.23883 2.88175 5.65778 9.70152 7.62314 -0.787549 -9.94574 -5.18493 1.42887 -5.0778 34.0163
-15.593 -7.74578 -10.1945 -0.0532681 3.43179 2.62913 8.19063 2.2118 -5.74097 3.35506 8.18028 3.50997 33.7486
-14.1548 -5.90072 -4.94733 2.73302 -3.39717 -2.50088 3.2982 -2.07579 -9.547 2.73593 6.16771 3.68146 34.2358
-13.1841 -4.18073 -3.77268 1.63621 1.07412 1.70963 2.77045 -6.73052 -3.5253 11.6093 9.3564 -2.02946 35.0579
-15.1725 -7.56866 -4.57569 -2.81339 -4.20667 -0.948141 3.40694 2.34083 -5.85042 8.02512 8.73855 -1.10954 34.3121
-14.7637 -7.2056 0.100787 -3.75608 -5.89131 -4.85899 4.59316 7.23069 2.30978 9.21591 7.98103 0.927212 33.405
-13.824 -7.90287 -7.68785 -2.41718 3.56477 -2.01933 1.40819 -2.13437 -9.85706 0.347237 2.1237 -1.15817 34.9073
-13.973 -7.06564 -9.96944 -2.76953 1.13692 -0.513887 5.81257 -9.94164 -7.40471 -0.357884 2.41319 4.59769 34.4077
-11.9418 -3.59629 -5.81653 -0.772835 -2.19979 3.1468 3.46482 4.6054 -1.17317 0.400923 2.58595 -1.2192 36.0134
-13.4456 -6.20591 -9.89413 -6.03954 -2.50417 6.10303 3.04877 -4.19748 -7.48681 -1.04019 5.5211 -5.24443 35.1564
-12.9332 -7.98243 -3.7231 -0.0217728 1.28724 6.66956 1.08851 -12.5769 -5.88972 1.51704 5.4654 0.614886 35.5155
-13.3057 -4.4548 -5.94072 -3.41459 -3.26538 0.170716 5.82778 -6.05601 -17.2774 -1.69185 1.35688 1.66481 34.7712
-14.1199 -4.49966 -7.4475 -0.10593 -3.74258 0.26049 9.9187 0.20224 -8.40819 1.61002 -1.45376 -5.33911 33.9927
-14.4048 -8.01073 -6.85035 0.289552 3.02702 8.41403 10.139 -0.934473 -10.8925 -1.12562 5.56957 2.76882 34.4945
-15.0209 -7.60605 -9.08795 -2.37286 -4.05468 -1.47729 5.68778 -0.698041 -14.0755 3.96193 9.84005 4.4206 33.7176
-13.9453 -10.527 -7.62232 1.74764 -3.82253 3.9269 3.29868 7.38123 4.00735 -0.37466 1.33835 -0.454887 34.9125
-13.0565 -5.41476 -2.77421 -0.457158 -2.76019 2.91174 8.04338 -1.43912 -3.52998 0.106011 0.447329 -5.05594 34.9017
-13.839 -7.04648 -7.30947 -2.9236 2.30852 0.959236 4.02689 -3.76218 -5.48795 -0.207664 1.48927 -2.58526 35.0596
-14.0394 -3.91317 -2.79212 -0.776512 -0.888369 1.60536 5.49388 -0.989694 -9.08633 0.819097 6.36354 -0.904389 34.5062
-15.058 -7.27041 -4.3583 3.50452 -1.78396 -1.07946 1.00454 -7.30149 -2.89639 0.599124 7.27194 4.65653 35.5421
-14.7028 -5.62632 -3.75174 4.70133 -3.25628 -0.936294 2.63171 3.44092 1.0747 5.42896 6.42734 0.971792 35.0971
-13.004 -6.71091 -3.36769 -3.64356 -1.32196 3.94862 -1.44004 0.477396 3.88763 8.64371 -1.44548 -1.32218 35.0965
-11.846 -3.65118 -5.37229 -5.02903 -3.39394 -3.00519 3.20376 -1.86156 -7.19265 4.63063 -0.195686 -1.24035 34.6077
-12.5921 -4.92736 -3.09397 4.00315 -0.760288 -2.81038 8.96585 0.520575 -4.73304 0.820396 1.20783 2.6817 34.4548
-11.305 -5.52043 -3.57877 5.57216 -3.71318 -4.22886 -5.78574 -5.28611 -6.56873 3.3785 -2.28566 -2.15139 35.4143
-7.10986 -3.55205 -7.77517 8.22623 4.18323 -17.4127 -14.0314 -11.9206 -8.93269 -3.5809 -3.42784 -3.52955 39.4873
-11.7058 -3.78237 -0.412909 8.649 0.321059 -14.0512 -7.27569 -1.36358 -4.79477 -4.8728 -3.6866 1.30894 35.0144
-13.6037 -3.76123 -0.445706 8.94219 -3.55232 -7.65995 0.800294 -1.46408 -0.659645 3.36883 3.49573 -0.770327 33.5192
-13.0273 -5.96971 -5.07093 -2.32742 -6.63981 1.82336 8.34096 1.96164 -3.03943 1.43106 5.33045 4.5573 34.7622
-14.2232 -6.118 -3.01787 0.425055 -2.43197 -3.39145 2.98834 -0.388877 -6.59049 -0.969478 1.8595 -0.145169 33.8872
-12.3119 -2.34945 -2.07221 -2.51756 -3.56037 -5.47989 2.96385 6.92145 -6.38178 -3.69317 6.60499 -0.77306 34.5041
-12.1212 -2.15324 -2.27234 2.26034 -4.1811 -2.55133 3.6133 -0.971658 -8.29796 1.68289 1.63857 -11.7274 33.7851
-13.8186 -5.37535 -6.54153 -2.44173 -6.79256 4.7433 4.04062 0.379865 -1.41306 1.18332 9.78475 1.77902 33.5186
-15.8295 -5.37671 2.82218 7.23239 4.07956 8.19616 5.57933 -1.17471 -3.14472 -2.73795 0.885273 -0.38638 33.9909
-15.6963 -7.30751 -2.51242 3.61456 1.96384 7.01958 3.26856 -4.35499 -11.3506 -0.728143 -0.544725 -9.82811 34.0523
-13.151 -4.67023 -4.52109 -1.17535 0.622916 0.407761 11.4133 5.20906 -2.17337 6.14446 -1.2451 -7.52389 34.9671
-13.8365 -2.44881 -2.65069 0.203388 -3.28821 2.0987 8.17223 -2.4778 -9.17343 -5.27679 -2.03545 -2.9186 34.6709
-13.378 -3.229 -2.5839 1.46502 -10.2212 -2.66857 3.9021 -4.20604 -6.85365 -1.20754 -0.420764 -2.88246 33.6305
-13.3822 -5.7726 -2.71001 0.160708 -2.16535 0.374139 7.24129 1.99634 -2.71527 0.855277 5.16819 -0.0254524 34.5073
-13.1919 -6.69354 -4.1887 -4.13494 -4.46532 -3.61426 -1.74556 -1.99963 -10.0311 2.39266 2.39664 -0.133852 34.3119
-13.4528 -4.96653 -3.98604 -0.409377 -0.577192 1.28017 2.24599 1.22214 -13.1418 7.82145 8.10434 -0.289054 33.7045
-13.2739 -5.51535 -1.55857 -2.78032 -1.55799 3.53178 5.63729 -0.427608 -5.97991 2.4629 -3.0249 -6.49341 34.2308
-14.3606 -3.75357 -2.46027 -1.26293 -7.87563 -5.57445 8.45516 3.95853 -8.02549 -0.926414 4.3609 -0.954728 33.6619
-14.1194 -5.03688 -0.0938977 -0.524299 -3.64325 -3.37799 1.63711 -1.33797 -5.10922 5.34608 5.46556 -2.2708 34.5278
-15.1603 -4.35207 -1.03689 1.62868 -4.99123 -4.15938 2.22764 0.533421 -5.59417 3.89318 -1.07344 -11.7856 34.0678
-14.0736 -4.40335 -2.98125 0.225176 -3.78192 3.76199 6.82702 -5.44774 -8.98893 0.0333983 2.65799 -8.94143 34.5566
-15.1359 -3.89601 -5.56228 3.5604 -2.82502 3.76449 9.78201 0.147216 -5.24621 -1.95115 5.12963 -3.99786 32.6714
-14.2385 -6.73499 -7.85654 -1.16752 -8.75843 2.22221 3.13419 6.80224 -1.48338 5.87316 8.1844 -1.06657 33.5177
-13.9365 -6.45402 -3.80939 -0.216388 -0.36142 -0.726803 3.77772 6.66487 1.94522 5.13067 0.218194 -1.56084 34.4653
-15.8881 -6.06934 -1.52929 -4.46399 -11.5779 -3.10612 5.49808 5.28026 2.17654 5.04663 3.3765 7.44563 34.1073
-13.1102 -6.12854 -3.65383 -5.33538 -4.97144 -0.403621 7.71686 -0.720475 -9.18405 3.3828 6.78325 11.8971 34.969
-12.9539 -7.33977 -4.2503 -5.03718 -4.31279 2.44582 7.26938 0.296023 -13.7327 -0.869086 4.72767 7.41019 35.1231
-14.448 -6.77136 -4.79841 -1.80149 -3.05022 0.077041 0.0109919 -1.54537 -5.10334 6.70298 7.50699 -0.911782 33.6808
-11.7099 -3.50208 -6.20788 1.51228 -2.53598 -0.565527 0.88434 -0.216547 -1.03515 3.75575 8.28902 0.23801 34.9008
-15.2407 -6.04063 -4.01515 -1.8684 -3.66146 2.56731 4.63445 2.52846 3.34014 5.38135 0.357347 -5.43726 33.7125
-15.9467 -2.87839 0.0487173 0.70615 -6.99926 0.23494 3.67108 -3.41479 4.47674 9.42449 3.33083 -0.343933 33.022
-14.5972 -4.77289 -2.4047 -0.821676 -2.81163 1.25893 7.55429 -4.6758 -4.75336 5.05866 -3.96537 -4.7936 33.5859
-14.1316 -3.17447 -1.37313 -2.3657 -6.47394 -1.20581 2.71118 3.69607 -7.32805 5.89907 4.49 -5.55403 34.1342
-14.0498 -6.20212 -2.13765 3.48309 -1.20565 -0.212511 -1.27448 -3.45262 -3.41552 4.08132 12.0969 -3.84466 34.4008
-15.0293 -8.95302 -5.71145 3.38803 3.34947 3.01634 5.01765 -1.41783 -3.29598 2.35606 9.1571 2.03592 33.9473
-11.4953 -13.7323 -12.4085 -1.76194 3.41888 7.58828 -5.08301 3.02258 -1.68196 2.90273 5.13252 -4.30202 37.3726
-12.9901 -12.8494 -9.451 1.03633 0.250535 2.71718 2.0866 3.45531 -5.01943 2.6828 1.84637 -2.3966 35.9288
-11.2191 -9.78891 -9.66926 -3.178 0.882614 9.0302 7.82412 -2.41917 -4.63774 -4.79235 -2.13669 -7.34049 36.9953
-7.89207 -12.6251 -10.6554 -5.89912 0.832871 1.91174 0.472007 -0.835301 -6.60666 -2.83568 4.35609 1.68339 40.8904
-0.885418 -11.041 -2.37959 -5.28883 -1.00012 2.15587 -2.16454 -4.65555 0.281995 -5.57537 -6.56327 -3.53491 50.5191
-7.29831 -8.49143 8.84885 -12.7802 1.75868 -0.000955817 -9.13686 -9.61512 -0.950333 -3.16392 -3.39541 -6.14196 60.57
-13.2206 -8.55624 14.9914 -5.3068 9.75028 6.66443 -7.35823 -12.4728 -0.129229 -0.174914 3.38435 -2.44797 53.8707
-10.4495 -4.97067 4.20121 -0.699558 3.51872 2.34663 3.36816 3.54445 -1.14291 -6.29504 -1.13626 0.100878 41.7985
-17.3224 -5.35984 4.37973 -3.27754 4.6655 3.30611 6.05752 9.89898 -4.85756 -1.79672 -3.62436 -4.079 35.5356
-16.8464 -5.43835 -0.684823 -4.54432 0.239222 -0.176857 1.55264 3.65345 -8.39951 -3.95445 -0.431689 -6.95585 34.9451
-16.61 -3.01829 3.92694 -3.2823 -1.0157 -0.398673 0.186935 2.15229 -5.78787 3.68229 12.9162 -1.58235 35.0663
-15.9276 -3.49719 1.6157 -4.54213 -1.24817 -4.14356 3.03603 3.69159 -2.61896 1.87011 5.29609 -5.22813 34.7237
-14.2879 -3.56914 -0.161048 -1.34249 -3.23236 -2.5925 0.420931 3.43034 -3.8154 -3.53616 1.40018 -7.18444 35.7389
-18.0382 -6.98516 1.08748 1.85048 5.90268 3.69523 4.09042 -0.0370085 -6.91382 -3.2835 5.14267 3.03575 34.9108
-17.2076 -5.07905 -0.0634684 -1.81991 -0.0566628 -2.05607 3.05579 -4.74449 -4.31589 0.273284 7.4208 0.0498868 34.7008
-17.5005 -4.22946 1.80375 -3.48524 2.45017 -7.03348 5.35169 2.13968 -5.10424 7.3453 4.33917 4.02515 35.9991
-15.3927 -2.33254 1.21895 1.20471 1.90234 -8.39526 -2.23783 -2.9568 -6.18871 -1.59769 0.151035 0.67343 35.5863
-14.2072 -3.40225 1.20707 0.331251 -0.137976 -1.3128 0.830134 -4.85567 -1.99597 -2.77216 3.27587 -3.38731 34.6606
-16.3903 -2.61573 2.49577 -1.89867 -1.02224 1.01363 -0.866751 -6.82851 -0.676805 6.88761 6.7299 -1.32248 34.6529
-15.6292 -5.00411 0.416896 2.98015 -2.27467 -4.81502 -0.287766 -10.9551 -6.36726 6.26794 5.25516 1.42809 34.2143
-13.5406 -4.38471 -2.90937 1.8649 0.292694 1.64153 5.03511 -2.67416 -3.60015 -0.969308 8.23228 -0.637965 34.5914
-15.2113 -5.14003 0.820993 -2.87424 -9.07635 1.63451 7.19562 6.42768 -6.19428 -1.52724 4.91141 2.66903 34.6192
-18.2586 -3.67304 -1.36927 -2.83977 -0.544428 -7.70623 10.897 8.99595 5.888 6.96233 -2.81886 -3.39932 34.7498
-18.9909 -2.21063 0.655656 -1.76753 2.80219 -7.95859 8.31357 0.155261 -3.84631 4.25817 5.64515 0.482112 35.2633
-16.9899 -4.99794 -3.91549 -0.597058 -2.91444 -6.04912 1.70292 3.84834 2.81406 3.99428 4.05325 -0.63015 34.6723
-14.4735 -2.85814 -1.00834 1.24466 0.28823 -1.17982 5.08628 3.88119 4.63248 5.8225 8.15082 -0.686868 34.2291
-14.0802 -4.31449 -5.70473 -7.1775 -8.67267 -0.40893 7.55003 7.23184 0.466762 -1.8873 3.65948 11.0111 34.8102
-14.7457 -4.61314 2.22929 -3.07607 -1.36916 1.29905 7.5027 -0.304454 -7.08319 -5.30297 -3.88646 2.47813 34.607
-14.2593 -5.96561 -1.39044 -3.87988 -7.45389 -1.39997 1.79474 0.324194 0.0518438 0.964494 4.9094 4.0959 35.3331
-15.9481 -5.44694 -6.82076 -2.0748 -2.7496 -4.46469 -1.41263 2.0716 -5.71398 4.00149 12.3561 0.382229 33.5207
-13.5191 -3.42774 1.39981 4.34064 -3.20769 -2.30722 -0.64517 -5.38322 -3.40619 0.532641 10.3966 9.34837 34.0387
-14.5362 -4.47744 0.409088 0.264574 -8.12751 -1.82532 3.12261 -0.417262 -3.48519 3.49451 3.47307 -4.44222 34.2718
-15.6618 -4.41895 -2.04841 2.20191 -3.16348 -3.3728 2.02844 -2.12293 -5.89484 5.08246 3.6836 -3.78375 33.7337
-14.0759 -5.06042 -2.52505 3.11414 -1.92528 -4.53837 1.36068 5.93109 4.79592 8.67997 8.34392 -1.02493 34.1071
-16.8258 -6.08412 -2.05515 -2.10005 -6.42227 -4.07624 6.18032 3.04622 -4.35315 1.31937 3.80481 1.52083 33.8569
-14.7994 -3.78331 1.23483 2.87323 -1.04439 -2.64263 6.10938 0.354062 1.19625 -0.628534 1.24154 0.87918 35.009
-13.94 -3.62257 -2.70529 4.0766 -3.78804 -4.41414 4.05477 -3.24966 -8.57355 -7.10459 -1.2723 -4.68049 35.1345
-23.3962 -8.52641 6.42376 -11.2011 2.42099 -5.14679 1.15593 0.00605675 -2.91663 -6.51835 -0.00756471 -5.85476 42.1051
-28.1387 -14.7713 2.44083 -14.8447 8.43959 0.199432 9.95272 3.75262 2.55234 -6.6298 4.76645 -8.00109 50.9338
-20.1414 -9.84741 -1.80367 -18.3253 2.51006 1.53586 8.09592 -4.61105 -8.14466 -3.0924 4.52205 -2.66225 46.6283
-20.1922 -8.03796 -2.42284 -21.8047 2.46287 2.73911 8.09502 0.451616 -4.93867 4.7683 5.95326 -0.917407 44.3766
-21.5222 -7.91982 -1.26773 -14.3029 9.84312 -0.196162 8.25435 -6.41942 3.56563 -7.51195 -2.41723 3.15385 43.5501
-15.6368 -1.62471 2.63178 -7.41801 8.26972 2.25262 2.60293 -9.85655 -4.17361 -6.96963 -7.00384 -5.98355 43.288
-15.0801 -3.86086 2.42767 -7.93396 14.9369 4.36314 -0.548895 -11.2353 -5.16198 -0.872039 -1.85201 -3.71882 42.792
-15.8126 -7.97777 0.820236 -13.1534 10.6696 2.65911 7.12144 1.76834 -5.72098 7.95449 7.73035 4.20694 42.0012
-15.6731 -5.91731 -1.38507 -15.9022 7.98527 7.40045 9.74905 -1.84028 -14.4514 -5.59893 6.26284 4.27825 40.69
-18.6244 -8.45808 -2.1803 -10.4917 5.14479 1.96649 2.39459 -3.47169 -9.36444 7.58788 1.39593 -0.944609 39.5832
-17.2433 -7.19146 1.65175 -10.8646 3.32637 1.19225 -0.8054 -12.5046 -3.94622 4.78918 7.25169 1.02698 40.7674
-17.7166 -4.58041 1.52793 -6.57621 5.57448 3.14828 10.0287 -9.45902 -4.44888 1.01222 6.26155 3.04804 37.9193
-15.1427 -2.81496 1.13808 -8.21843 2.99001 0.368066 0.898795 -10.0199 -8.86746 3.24183 7.95193 -2.10826 38.8266
-17.5365 -4.89586 -2.81827 -6.24649 6.11162 6.22405 -0.645347 -0.866872 -0.928338 1.2616 6.68763 4.47713 37.2565
-18.4493 -8.231 -1.00287 -4.234 5.92343 2.31425 0.0380722 -3.18751 -2.33741 10.3133 14.7872 7.65273 36.1269
-17.0422 -5.17568 0.58702 -4.37681 7.04949 5.05038 2.5238 -2.87389 -7.55429 1.13952 0.599092 -2.39533 36.411
-15.4363 -4.47631 -2.89156 -3.04642 4.59189 0.759837 1.66333 -2.17541 -7.5501 -1.25077 -0.0784469 -2.62943 37.4465
-16.0946 -6.63996 -6.35987 -5.01227 0.499675 -3.47012 1.23993 -6.73655 -5.89582 0.38258 -7.70464 -2.67191 36.5191
-15.0482 -5.38704 0.591091 -2.97806 0.839396 -2.79692 3.23668 -4.87758 -6.00298 3.77976 -0.284603 4.67979 35.2593
-15.5035 -6.19017 -1.38412 -2.55631 4.03999 3.9592 2.65968 -10.7303 -4.77541 6.08046 5.01833 3.83517 35.1959
-17.8056 -4.38673 2.41325 -0.658275 -3.39183 -10.7471 -0.160662 -2.57574 -7.29247 6.34182 9.47318 5.70886 34.4193
-17.2734 -6.10326 0.391472 0.414058 3.44739 6.99518 6.847 1.79165 -6.36583 5.11707 10.7915 0.679701 34.6851
-16.3635 -3.37411 0.914298 -4.10492 -11.1405 -3.14709 8.47931 -1.98516 -4.6476 3.57427 3.1523 2.05002 33.5746
-16.7954 -7.90453 2.46294 0.505968 0.442443 0.486989 4.07078 2.56644 5.57247 8.51931 -4.1533 0.593604 35.1225
-12.1329 -0.509659 -2.01923 -1.26838 -4.56792 -3.04388 0.730183 -5.01042 -1.15918 5.57075 -2.51185 1.12807 35.4385
-14.5931 -3.83294 -2.79343 0.646648 -5.17997 1.74369 10.2453 -5.71858 -6.29182 2.53884 2.94595 5.15873 34.3211
-14.8621 -6.8443 -1.22494 -0.327475 0.780318 -3.10161 3.50755 -0.755788 -1.64832 4.63619 7.79398 2.01823 34.4285
-15.6346 -6.12207 -1.85931 -2.48795 -0.705535 -2.34307 2.36518 -1.42341 -5.86742 2.36141 12.861 3.6911 34.2
