-9.36352 -3.18435 -5.40571 -8.16654 -9.73549 -4.46099 1.59813 0.8189 -8.14852 2.29329 1.86717 2.17042 74.9671
-15.3507 -1.02074 -5.83131 -15.5886 -11.2751 -4.68664 -6.58099 -12.0394 -2.96597 -5.51226 0.634609 -5.95432 35.0453
-14.6561 -1.16748 -7.91059 -12.5877 -5.02179 -0.667506 -1.46295 -4.98409 -5.83742 -2.18097 4.64619 -0.902024 34.0101
-15.2337 -0.89323 -7.39589 -9.30002 -2.73649 -12.1779 -4.69134 -9.08817 -1.98976 -8.05423 -7.76887 -2.13967 34.0481
-14.779 -0.869714 -7.18967 -7.02618 -9.63204 -4.34869 2.37665 -7.48125 -6.32911 -10.306 -0.760543 1.56648 32.7077
-14.374 -1.10613 -10.2948 -9.55644 -6.63404 -0.697026 -3.39724 -9.05693 -6.12128 -4.3734 -2.26713 -1.65105 32.9501
-13.1845 0.869548 -7.67629 -10.2754 -6.31325 -4.09259 -4.27149 -11.5063 -2.28123 -9.30729 -8.57311 -3.19784 33.3663
-13.5422 -1.53575 -6.9384 -9.23906 -4.42927 -2.31546 -4.44811 -7.50391 0.0906055 -8.37489 -4.13446 -0.353285 33.1386
-14.1766 -0.756707 -3.68838 -6.61343 -9.45412 -5.09972 -6.91367 -3.61341 1.58442 -11.9719 -5.49833 0.813216 34.485
-15.9509 -3.32912 -6.58385 -3.46345 -3.47169 -7.41417 0.167907 -7.6284 -4.20936 -8.78411 -7.15551 -1.55788 35.3024
-15.4067 -3.88847 -7.05882 -6.551 -5.55044 -0.287085 0.941468 -4.60805 -3.9262 -8.18888 -3.99404 -5.87281 34.2005
-13.9759 0.927496 -8.9864 -9.4928 1.02385 -4.94593 -0.479931 -4.80499 1.15012 -6.36195 -6.64092 -8.02562 35.6993
-15.1668 -1.1879 -8.50293 -11.9335 -6.92759 -5.18474 1.53282 -7.55711 -0.83103 -1.75203 -2.39194 -1.82693 34.6032
-14.1942 0.309365 -7.43296 -8.99198 -3.40497 -6.62236 0.0678286 -9.94901 -12.4957 -4.12069 -5.46359 -1.23826 34.9253
-14.6148 -3.22223 -6.20554 -6.0433 -1.0022 -5.92023 -3.96728 -13.693 -8.49748 -4.50866 -7.56061 2.31944 35.6253
-13.9144 1.38351 -8.23688 -11.2302 0.0113311 0.573249 3.29205 -6.67922 -10.686 -4.06578 -10.0823 1.3271 34.0703
-15.9185 -0.489003 -4.06145 -8.61143 -6.97455 -1.81068 1.59958 -3.74958 -4.41753 -5.78199 -1.71754 -4.67741 35.3721
-16.8007 -1.94785 -8.36229 -12.114 -7.26746 -7.15108 -4.95341 -8.1042 0.324497 -0.814335 -5.09826 -6.93661 33.526
-16.0562 0.833869 -4.27321 -8.70477 -0.632253 -7.46119 -0.0400483 -8.70539 -0.0642747 -2.37606 -2.05765 -1.77518 35.5371
-21.294 2.40692 -4.55866 -14.8208 -2.90305 -8.28054 9.49622 -16.8474 1.46292 -6.77443 0.819129 -3.45911 39.6742
-20.6722 -0.104397 -2.00653 -12.5651 -0.380772 -7.36349 4.11454 -14.1527 -5.9133 -5.59785 3.95721 0.653953 38.3929
-14.7962 -0.522384 -5.95683 -12.8425 -3.73412 -7.07221 -4.30351 -6.45765 -3.95741 -2.94708 -9.17655 -8.20503 35.8045
-17.0062 -3.70837 -7.08973 -10.5385 0.533559 -4.12001 3.19614 -11.7578 2.99435 -11.3142 -12.4371 -11.5257 34.7354
-16.514 -1.85965 -6.82009 -10.4327 -0.704531 0.8787 1.08798 -11.6945 -9.04846 -8.26423 -7.60086 -4.6992 36.0534
-15.8744 -1.46506 -7.19223 -9.75001 3.50271 -3.13162 -2.79221 -3.82729 -7.93787 -11.7 -6.09999 -4.67058 35.9785
-15.1799 -4.66961 -8.81961 -11.4535 -3.21326 -7.38026 -0.656109 -6.1647 -3.66537 -4.14165 -5.75265 -1.26226 34.9154
-17.1974 -0.655101 -1.68121 -5.41098 -5.9032 -8.50201 1.47873 -4.44996 -5.51956 -9.74337 -9.91545 -2.25924 35.4488
-17.891 -3.49278 -5.25908 -7.80682 -1.85039 -1.90775 1.5557 -10.2819 -7.20137 -3.21332 -9.00666 -3.43389 36.1167
-19.6825 -1.19172 -5.5399 -9.29174 1.37287 -2.09379 1.22485 -8.87928 -10.0138 -13.6446 -6.32567 -7.46052 37.2477
-16.4866 2.526 -7.78084 -4.69876 -3.09065 -8.65418 -11.6005 -3.92334 0.430029 -11.3509 -11.4916 -12.4879 37.3606
-9.98779 4.66512 -5.5139 -13.7974 -9.68216 -18.4465 -11.7458 -16.7501 -11.4143 -13.8869 -10.6642 -8.44881 39.1456
-6.91292 4.19367 -6.19844 -17.4183 -13.946 -21.4395 -13.7153 -17.6463 -3.80254 -13.4179 -12.8054 -10.1472 44.0096
-8.3307 3.1599 -6.34555 -15.4005 -11.7417 -21.5762 -10.6713 -21.1879 -0.980008 -11.3656 -16.8243 -9.09192 46.0075
-7.65939 4.00304 -4.43176 -15.9941 -9.08386 -17.2648 -7.28386 -16.9337 2.99943 -16.7011 -12.5791 -9.42964 47.0888
-7.20129 3.18944 -4.21095 -12.6625 -11.1874 -19.262 0.0307005 -13.8416 -2.93599 -14.7593 -10.2894 -5.60208 47.7733
-8.1559 3.41275 -3.12986 -13.5631 -11.0662 -15.9744 -1.31808 -14.5665 -1.96066 -14.622 -7.63155 -8.9055 48.4014
-7.49228 2.55011 -2.22386 -14.7594 -9.20127 -20.4079 -2.08471 -10.006 -0.951668 -16.2401 -9.89827 -9.02666 48.7148
-7.24123 2.58008 -2.61757 -14.8058 -8.12011 -22.409 -1.41135 -14.2487 -0.198015 -12.7616 -7.58494 -11.9573 48.7835
-7.32869 3.59888 -5.06924 -16.5893 -6.67048 -24.5253 -3.00531 -11.5075 -2.9639 -15.1172 -5.93113 -10.8933 48.9953
-6.38649 3.60123 -6.51283 -17.4778 -6.16331 -22.3558 -2.17085 -10.904 -1.52624 -13.6025 -6.42793 -11.5783 49.4526
-8.03037 5.22674 -4.88234 -17.9625 -9.66416 -22.6117 -1.31822 -11.8477 -2.52977 -14.2424 -5.92191 -9.43665 49.2913
-8.30642 4.31155 -6.26821 -19.759 -8.25453 -23.7387 -0.634585 -13.7903 -2.76103 -12.6493 -9.4598 -11.0404 49.4838
-10.7376 -0.926811 -2.49863 -26.2436 -7.34855 -13.5289 -7.87359 -15.8289 1.9434 -20.8962 -1.16413 -12.5911 53.0367
-11.5179 -1.254 -4.21632 -26.0891 2.0812 0.987692 -3.10851 -16.9796 9.81086 -17.7618 2.93492 -9.88511 58.1394
-13.5443 -6.11258 -7.93782 -29.0109 0.32061 -2.4379 -8.61411 -21.6757 6.38601 -20.5414 -0.915123 -10.3244 59.9261
-13.7001 -6.99223 -7.16109 -27.3097 3.65698 -3.07625 -5.28841 -22.457 7.70418 -18.1321 -0.156628 -7.8119 60.5362
-12.4412 -8.95881 -3.85267 -23.8544 5.168 -2.46376 -3.86686 -21.214 9.31358 -11.008 -1.20392 -5.72389 60.692
-13.9161 -12.4886 -6.21184 -25.1297 1.7622 -7.94702 -6.58392 -26.6875 4.05881 -9.82174 -7.1428 -6.99478 60.3182
-13.1808 -14.5931 -3.75606 -23.8177 2.89001 -9.26891 -3.38072 -26.3251 4.75656 -4.47214 -6.48485 -3.7298 60.5011
-13.8089 -15.4986 -5.27239 -22.8708 0.893894 -10.6063 -5.41563 -27.7144 1.86658 -3.48556 -7.7198 -4.07582 60.6989
-12.1824 -15.1623 -3.88146 -18.2 1.16684 -7.31682 -0.454888 -25.5066 3.32883 1.28191 -5.54013 -1.99185 60.7209
-11.1909 -17.2895 -5.72481 -18.2419 0.406939 -10.3769 -0.408212 -26.9971 -1.72427 0.245368 -8.14009 -1.52381 59.3997
-10.3348 -15.5186 -6.17714 -13.1422 0.346833 -7.88035 1.39461 -22.5329 -1.33922 1.13749 -3.51134 -0.809222 59.5767
-9.12822 -15.7302 -5.92725 -10.0104 0.993323 -6.22906 3.62851 -16.31 -4.5297 5.0518 -1.27632 2.02095 59.3291
-8.76962 -17.9525 -9.98487 -11.6037 -2.2863 -12.5557 2.16215 -17.6484 -10.1583 0.39511 -1.8518 -1.52535 57.9685
-8.11 -17.6189 -12.7741 -10.6177 -2.56275 -12.3462 1.47717 -16.0019 -7.26271 -3.55209 -1.18263 0.299391 57.5222
-7.09355 -17.8815 -15.5856 -9.25803 -3.93801 -15.4557 -0.980619 -13.3689 -9.05381 -9.94269 2.31756 -0.187667 56.2563
-5.23528 -16.6431 -18.3896 -7.50758 -3.30271 -14.5375 -3.02365 -9.91774 -6.09389 -11.4753 3.09689 0.0733028 54.9042
-4.05177 -15.2441 -19.6799 -8.22107 0.0637006 -16.565 -5.55304 -5.77852 -2.61379 -14.7804 -1.51874 4.37108 53.8287
-2.854 -16.1914 -19.7684 -7.61018 -0.462747 -18.3899 -4.53826 -5.49919 -3.55354 -9.6698 -5.35137 1.74264 52.5535
-2.39291 -14.3546 -21.321 -10.34 -2.57076 -14.2002 -11.8538 -3.5491 -4.39081 -9.30252 -5.30955 -5.57512 51.2559
-0.417048 -11.5159 -23.7802 -8.61307 -0.0377157 -11.1437 -12.049 -1.46279 -2.54693 -2.98038 -5.66484 -8.88165 49.2955
-1.116 -9.00923 -23.6667 -10.3896 1.56998 -11.9275 -12.6901 -7.59758 2.49349 -5.31135 -6.07849 -12.3631 48.1633
-1.29896 -6.74529 -21.7401 -12.9437 0.161026 -9.76315 -11.4153 -8.59947 3.08915 -4.38954 -10.2494 -11.8356 47.009
-0.912997 -4.14544 -18.3068 -14.93 0.17068 -5.91558 -15.7115 -3.96361 3.65829 -5.9184 -8.7807 -8.07935 45.4421
-2.3027 0.509974 -15.2124 -15.6765 -0.754051 -5.49358 -12.7586 -9.91265 0.869453 -3.21181 -7.24921 -14.2414 43.3523
-4.91368 2.24505 -10.4246 -14.1651 -3.21588 -4.13012 -12.4361 -14.7476 -8.26543 -5.19774 -7.85875 -8.32543 40.8323
-9.07471 0.179072 -9.85522 -7.16277 3.44431 -0.124572 -2.67279 -10.6409 -7.83581 -8.48587 -4.48417 -9.77127 39.2132
-10.4392 -3.33914 -7.01548 -5.72419 -1.44916 -2.28994 -4.56346 -6.3825 -15.4146 -7.98581 -8.04193 -6.93748 38.191
-12.0269 -0.512473 0.116398 -9.81033 -3.74679 -9.05368 3.71406 -5.19767 -10.4368 -12.877 -0.790305 3.68686 36.7836
-15.2524 -0.647876 -4.27777 -13.7831 -5.76855 -4.992 4.02228 -6.2387 -13.9226 -9.18725 3.68155 -4.76474 36.0857
-14.718 -3.42338 -8.56393 -11.9282 -3.48577 -6.65017 0.281479 -5.78694 -7.9185 -2.33811 -3.32249 -8.215 35.7659
-15.6277 -3.78673 -7.67701 -9.96211 -2.64908 -4.48947 -3.48725 -0.94637 -10.2662 -10.3555 -11.8122 -2.31593 35.0087
-16.5885 -4.28051 -4.43119 -4.92524 -2.28984 -10.2476 -12.1672 -9.63381 -4.58363 -10.4074 -8.45807 -1.75245 33.8944
-15.1188 -1.55523 -8.60748 -12.1488 -7.49088 -4.68005 1.75716 -8.19649 -5.55541 0.139748 -12.4547 -8.89934 35.1347
-14.0866 -3.97699 -6.22046 -8.7399 2.2215 0.428495 3.293 -5.66146 -7.62496 0.145816 -6.20602 0.0521343 34.9941
-13.8322 -1.48858 -9.99871 -8.43847 -8.27111 -7.5624 -0.101588 -5.77778 -5.7156 -9.33993 -5.89253 -2.72879 33.6056
-14.2411 -3.29114 -5.13265 -9.70682 -7.96619 -3.80168 -0.627391 -1.03817 -5.24014 -11.1733 -3.64899 -7.15076 33.9359
-13.4074 -3.06276 -5.40866 -8.73464 -4.123 -7.37948 -5.63597 -1.56927 -6.08198 -4.71212 -6.14946 -2.55994 35.3985
-12.9851 -3.29052 -11.4728 -10.3327 -2.89757 -6.76586 -5.79592 -4.25219 -8.69917 -12.536 -1.70503 -5.08306 35.0177
-12.3553 -3.07584 -10.9844 -9.82969 -7.55606 -0.607058 -5.08272 -10.3247 -9.02756 -5.74896 -2.68326 -0.178042 34.1174
-12.392 -3.40339 -4.79307 -5.76427 -5.51904 -4.34298 -5.98506 -10.6214 -7.33253 -3.96116 -4.39877 -2.69745 34.5657
-16.5257 -2.17058 -8.52088 -8.36423 -0.94958 -4.36535 0.498918 -3.35978 3.26969 -5.5281 -10.8287 -0.0385762 34.5435
-16.3608 0.491098 -5.66347 -8.45363 -4.07073 -4.37718 -0.524573 -7.78776 -6.70618 -10.612 -10.0939 -2.74945 35.8045
-16.335 -0.0913357 -7.51068 -9.69429 -8.20393 -10.0946 -4.77825 -13.2575 -3.85042 -7.56094 -7.84783 -3.88532 34.7491
-14.7191 -0.711379 -10.0334 -9.93119 0.729553 3.70242 0.579252 -11.5731 -1.30724 -6.21034 -2.45195 -2.70423 34.8019
-12.999 -1.38946 -7.7948 -8.77719 -4.89081 -8.05658 0.123033 -8.05217 -2.06084 -11.8729 -6.15413 -0.636363 35.542
-14.7733 -2.46791 -7.22912 -9.72247 0.0289884 -1.30533 -0.0110164 -2.85645 -0.80219 -5.09901 -6.49047 -3.92979 34.4107
-13.6579 -2.14835 -5.47194 -6.28484 -5.95729 -6.30072 -4.8641 -4.50304 -3.90465 -9.7155 -8.95958 -1.66118 34.0636
-12.9344 0.0111554 -7.32668 -5.93209 -4.21355 -7.57578 -6.49812 -2.97164 -3.96466 -8.46707 -1.44713 -0.634054 33.6365
-15.4043 -0.631455 -8.86475 -8.77717 -3.03938 -0.737178 0.651483 -6.89219 -7.9904 -9.07094 -3.51793 1.01593 33.5476
-16.0532 -1.90422 -7.56641 -3.21886 1.89806 -4.59513 -1.3289 -6.76966 -9.05981 -17.3188 -6.98772 -0.807438 33.2299
-13.2952 -3.49216 -8.53519 -4.62331 -2.29247 0.295716 1.12927 -10.8516 -4.17921 0.691605 -6.11304 -1.84947 32.6927
-11.5014 -1.23024 -6.20714 -6.94976 -4.12099 -1.99233 2.54765 -9.49175 -6.02637 -5.12042 -5.42466 -3.02598 34.5618
-14.3025 -1.76705 -8.11906 -9.69951 -3.52898 -0.437753 1.20688 -6.50854 -13.1219 -7.64874 -3.08278 -2.96328 32.7519
-14.8184 -0.716546 -10.5653 -12.0713 -5.27239 0.351015 -6.1213 -4.60379 -11.1743 -10.5374 -0.834722 -4.5179 33.2278
-12.535 0.870408 -9.69015 -9.46954 -2.30927 -4.85709 -3.27604 -7.57292 -4.7765 -6.59009 -2.69745 -4.12833 32.6025
-13.336 -2.33797 -9.25702 -9.91152 -6.99395 -6.57509 2.51107 -12.2484 -6.88435 -1.64078 0.303946 -1.03126 33.334
-13.0542 -2.73987 -10.46 -6.13987 -5.05567 -8.65139 -5.9849 -5.15454 -4.17015 -6.06419 -2.85124 -4.86565 33.445
-13.2242 -0.899889 -12.0937 -11.7172 -8.15143 -1.88621 -7.45238 -4.81831 -2.8826 -7.17438 -7.57424 -3.65295 33.7471
-13.4149 -2.69227 -8.53852 -5.07914 1.08503 1.80922 -5.68596 -8.13318 1.9821 -2.48694 -1.39264 0.40344 33.6752
-12.4325 -3.61679 -11.2504 -9.99338 -7.91823 -5.1412 -7.59738 -10.4422 -5.1669 -9.31909 -9.64886 1.10666 33.7366
-11.7535 -0.459352 -13.8894 -5.76938 -3.11018 -8.33217 -5.53016 -8.85849 -3.05822 -5.86684 -4.03317 1.70261 32.6643
-12.3679 2.33156 -11.4416 -12.1875 -3.71175 -7.18774 -8.10822 -13.4612 -4.15445 -10.2186 -6.54747 -5.42619 32.9957
-11.3115 -2.43865 -9.02596 -9.83575 -3.50279 -7.41825 -3.43065 -13.2784 -6.70812 -3.14592 -1.67193 -8.13061 33.2968
-12.8951 -1.03554 -5.55081 -8.8524 -6.73605 -1.35451 -0.141375 -10.5424 -9.29839 -4.37452 0.113145 -3.20689 32.4305
-13.3907 1.18304 -6.19471 -5.96392 -6.7962 -3.21063 -6.90819 -7.31825 -13.0473 -7.13396 1.53205 -7.06451 33.0612
-12.9645 -2.29827 -9.86206 -6.13987 -7.20607 -0.332925 -5.25784 -7.67969 -5.51112 -1.48431 2.91844 -4.76208 32.6854
-12.6002 -0.0131188 -10.9407 -8.22294 -6.05777 -6.89678 -7.61028 -12.6386 -6.547 -7.91353 -4.40965 -0.455467 32.4927
-11.9428 -3.92909 -10.2572 -8.33758 -8.43225 -7.61287 -6.62883 -13.0608 -0.0698924 -0.723697 -8.56247 -6.19782 32.9762
-13.7156 -2.48956 -8.52254 -4.37434 -6.54072 -6.60792 -1.53176 -11.7747 -5.13268 -2.09372 -4.56399 0.770617 32.8524
-13.0521 -2.2313 -7.49438 -7.72053 -3.84842 -6.66591 -14.3317 -9.96173 -10.9667 -12.0853 -3.669 2.28938 33.6017
-12.9171 -3.07624 -11.7877 -10.2196 -3.40408 -5.64398 -3.13476 -11.2742 -6.66324 -4.9557 -3.53831 4.63397 31.0517
-12.6003 -0.719334 -11.4462 -9.44966 -3.09402 -6.34362 -1.4032 -8.27595 -5.8715 -11.328 -5.77316 3.23609 32.6784
-11.682 -2.46323 -8.9268 -6.73355 -10.2912 -9.3132 2.25745 -1.80964 -9.32253 -6.93677 -3.31191 -3.26525 32.8194
-12.4504 -2.7155 -9.32176 -9.73588 -5.52207 -4.39441 -0.517328 -4.24885 -5.01114 -5.87343 -1.08849 -3.83196 32.8156
-13.6508 -1.51667 -7.73616 -6.20269 -4.82374 -1.27672 -0.909288 -3.28725 -6.7919 -5.32079 -1.42325 -5.98967 32.8209
-12.7313 -3.95664 -10.0567 -7.11921 -4.69539 2.82821 -3.03703 -3.69216 -1.30686 0.230016 -0.275916 -7.80316 32.4912
-12.4965 -1.1604 -6.59553 -5.74677 -3.58963 0.0114182 -3.19968 -6.61991 -3.91108 -5.89004 -3.65371 -5.41572 33.5784
-11.0549 -2.87732 -9.73448 -6.53617 -5.34745 -8.28388 -4.53311 -7.83469 -7.01065 -3.96004 -2.37527 -6.73706 33.1664
-11.6636 -0.141381 -10.971 -4.39061 -5.71891 3.29772 -1.83604 -9.46679 -1.26496 -3.82396 0.137823 -3.01148 32.9108
