-9.36086 -3.18672 -5.40346 -8.17117 -9.74334 -4.45486 1.5881 0.850336 -8.16028 2.30113 1.8647 2.1758 74.9649
-16.6076 -0.909582 -4.69249 -3.05771 -6.70352 -1.05927 -8.30859 -2.83192 -9.04527 -5.04187 -3.36641 -1.36518 29.2677
-15.5457 -1.47247 -13.1951 2.18323 -6.52625 -6.3081 -6.92091 -11.5884 -7.91111 -0.848371 -7.89698 -6.80014 30.0499
-15.7175 -0.239174 -9.65459 -1.74581 -11.0438 -6.91692 -6.28185 1.33911 -0.418004 0.0573562 -10.373 -8.65937 28.8635
-17.3121 -2.04276 -5.18514 -1.03883 -3.73038 -0.860132 -7.63552 -5.20904 -8.25059 -4.70189 -2.79187 -2.62619 29.1005
-16.8816 -0.522292 -3.66106 -6.1548 -11.602 -6.03145 -15.6236 0.155048 -3.75485 -1.12423 -2.81966 -0.231304 29.4386
-15.1759 -0.272935 -12.6154 -2.79201 -9.00509 -0.570828 -7.99947 -2.87063 -7.14904 -6.26658 -7.67693 -6.72001 29.7241
-16.441 -0.701658 -7.06102 -4.78131 -10.2917 -3.73716 -11.2317 -2.98595 -10.6334 -7.09964 -1.77237 -0.601016 30.325
-15.6262 0.230833 -9.24531 -3.75015 -15.4894 -7.37963 -1.06042 -6.66913 -18.1053 -1.15736 -7.45296 -0.761287 29.7183
-15.3194 0.25905 -9.57278 -4.07449 -12.5972 -4.74257 -8.58121 -4.11902 -8.29013 3.34423 -4.36341 -2.86327 30.1326
-15.9691 -1.11798 -8.93153 3.15257 -4.14614 -7.50137 -11.0715 -5.33004 -2.039 -5.47902 -4.76142 -4.75985 30.14
-16.7696 -1.21283 -6.66311 -1.36438 -7.03222 -5.05239 -11.7697 -10.0214 -11.2494 -1.66355 0.764535 0.980515 30.2498
-16.6104 -0.627247 -5.94012 -3.45073 -7.28532 -3.44266 -17.7512 -6.658 -6.67958 -2.75177 -1.0216 -4.67354 29.4887
-16.0097 -0.0333059 -6.33431 -2.57906 -11.4746 -6.94948 -9.21148 -4.19211 -7.76552 2.47802 -4.84009 -0.0413833 29.3288
-16.854 -1.81882 -8.06756 -2.45606 -6.36857 -2.53697 -10.9028 -7.79644 -7.14067 -1.1432 -5.48185 -6.3755 29.9375
-15.9204 0.476671 -5.72566 -0.95079 -10.6862 -7.43982 -10.9592 -7.33186 -14.1296 -8.01631 -12.8923 0.462425 29.2602
-16.0768 -1.40921 -11.46 -1.51109 -6.90758 -0.0952873 -3.90841 -4.23956 -10.6062 -10.2493 -12.1722 -6.96814 29.7622
-15.5054 1.31771 -5.35598 -5.31828 -12.347 -3.14453 -12.8456 -3.05452 -11.6397 -2.18126 -3.24129 -5.59056 30.2344
-17.0677 -1.46579 -4.23153 -0.966744 -8.04873 -6.77794 -5.19529 -3.94222 -10.4309 -5.31684 -8.10348 -5.4198 30.5479
-16.1319 -0.674813 -9.3502 1.65877 -6.95181 -8.54446 -16.2903 -11.0843 -7.23805 -2.19388 -3.91806 -9.51517 29.0458
-14.5778 1.80491 -10.7785 -8.007 -14.0497 1.25353 -15.0134 -6.02984 -12.366 -1.44697 -7.04171 -10.4761 29.894
-18.1679 -1.9004 -0.632418 -6.73113 -7.77 -1.29211 -10.1314 -2.56012 -11.8289 -7.12083 -6.57531 -2.62053 29.3462
-15.822 0.125766 -7.73273 -3.33872 -11.3642 -6.86738 -15.2676 -8.56938 -10.1607 -0.363438 -4.96054 -2.46981 30.0166
-17.1313 -1.99176 -7.79523 -2.99988 -9.67094 -6.99581 -10.6833 -7.29803 -11.8495 -7.15061 -8.42094 -7.1307 30.3051
-16.8981 -0.792253 -4.91623 -3.56015 -10.3893 -7.16547 -14.8779 -8.56071 -14.5784 -5.21659 -1.00678 -1.37786 29.358
-16.8029 -1.32984 -6.58902 -1.2837 -5.52617 -5.78972 -17.6149 -6.58456 -6.33429 -11.5119 -5.61035 -3.44357 30.5945
-16.2139 -1.79318 -11.5801 2.68624 -4.32416 -4.88629 -7.86452 -13.1562 -12.4041 -5.2049 -6.83004 -8.97063 29.9476
-16.7204 -1.04325 -6.09304 -5.12002 -10.3161 -2.58522 -7.1074 -4.67433 -15.0434 -5.76185 -6.26109 -4.76677 28.9069
-15.1185 -0.561822 -14.9937 -4.40501 -10.0246 -1.59503 -14.1381 -7.30254 -8.68941 -7.88244 -6.37786 -6.61594 29.1773
-16.1845 1.31453 -5.10514 -8.93225 -9.47253 0.299068 -9.82215 -2.72956 -13.6444 -3.68785 -2.9643 -3.2532 31.1857
-17.543 -2.35902 -6.14606 -4.84587 -9.4805 -5.24256 -10.8204 -9.14615 -10.0085 -0.219954 -10.9807 -5.48946 30.5529
-17.925 -3.54199 -8.5006 -3.62968 -5.80434 -2.10482 -9.41701 -7.80895 -7.53979 -5.02785 -9.9515 -11.0801 29.1304
-15.6664 0.0406335 -10.1141 -6.47194 -15.9338 -5.51804 -6.27559 1.69655 -8.64081 -2.67892 -7.24656 -6.2809 28.7299
-16.8837 -1.39313 -5.88045 -1.87741 -10.1651 -9.38643 -9.72467 -2.96107 -4.3041 -0.404537 -4.94336 -4.92047 30.0845
-16.5398 -1.37722 -8.66021 -2.87235 -8.62081 -4.61592 -12.4901 -9.7886 -9.89573 -1.28096 -3.62617 -2.91403 29.4818
-17.8705 -2.98755 -7.41915 -7.67141 -8.00617 1.81403 -7.9562 -4.21742 -10.4633 -7.13356 -8.49438 -5.44943 29.0514
-16.2573 -1.17385 -12.0126 -6.86586 -10.8388 0.144166 -7.46315 0.901823 -5.02951 -2.8645 1.21028 -6.51109 29.0817
-16.2398 -1.25981 -8.97642 -4.89171 -9.43665 -1.14176 -7.67832 -3.30664 -6.63156 0.436462 -2.28702 -1.04625 29.5347
-15.9449 0.364623 -5.49435 -1.71535 -11.5109 -6.97977 -6.72835 -2.91823 -11.2622 -4.40161 -6.37883 3.48555 29.4672
-16.6754 -1.43389 -8.62437 -5.72647 -13.7988 -5.99279 -5.35671 -4.65417 -10.327 0.392359 -14.2397 -3.92595 29.5113
-15.5364 0.0507951 -10.284 -3.87541 -8.71774 0.00312212 -13.7175 -7.96005 -9.83688 -2.94352 -5.65811 -2.80224 29.2913
-16.4418 -0.965603 -8.54607 -2.96715 -10.1716 -6.91515 -15.686 -8.22668 -10.1131 -5.14414 -3.90935 -0.452439 29.53
-17.1912 -2.20672 -9.11374 -4.99878 -11.8205 -6.88818 -10.1949 -8.96506 -12.0671 0.0192528 -5.12792 -0.289475 29.9335
-16.0337 -0.630781 -6.60157 0.676434 -12.2473 -12.4961 -10.7839 -6.45654 -8.79074 -9.91773 -7.17097 0.680979 29.5171
-15.7621 0.669444 -7.9215 -4.70971 -16.2932 -9.30156 -9.99671 0.441085 -7.89929 -8.19474 -10.6297 -0.344519 29.3641
-16.3132 -0.998128 -9.15386 -4.04918 -9.16741 -4.28924 -15.3038 -6.8146 -10.334 -8.8359 -4.56971 -7.58172 30.3592
-14.7305 1.77688 -9.44171 -4.88684 -12.3052 -0.333471 -11.2297 -8.97247 -14.2314 0.42031 -8.42706 -9.68537 29.3236
-13.4058 -1.12983 -13.2687 -11.1704 -5.0224 -1.50617 -2.84046 -3.96154 -16.2486 2.23027 -3.45241 -0.569443 34.0822
-6.59279 1.96767 -6.90616 -13.063 -2.91483 -6.94341 -4.59441 -5.90628 -16.8373 1.89333 -1.56091 -6.75059 45.0948
-1.19048 6.18695 -7.27355 -11.8105 -13.8924 -12.6032 -9.79227 -11.4598 -14.4874 0.0366744 -3.39689 4.38147 47.9866
-2.48659 2.64059 -6.42385 -10.8296 -11.4466 -16.2412 -10.7002 -14.0037 -12.4041 1.65649 -2.26478 5.29163 50.0288
-2.0267 0.666309 -7.34702 -14.4647 -9.40632 -13.6808 -9.89121 -8.39323 -14.5592 -2.84178 6.32425 4.41778 51.387
-5.75662 2.32958 -10.3365 -17.1094 -6.76018 -15.1399 -10.0115 -8.07989 -13.5381 -1.14293 2.86261 4.31851 55.3143
-5.37705 1.83498 -11.5327 -19.416 -7.07516 -14.4089 -9.60807 -10.0361 -12.4789 -2.10438 4.74758 3.61145 55.6428
-6.20097 2.4638 -12.3973 -19.8456 -5.91629 -13.7323 -10.7914 -9.14847 -12.047 -3.07207 4.82634 2.9436 56.2714
-5.99945 2.95979 -13.8415 -20.9563 -6.62938 -12.5906 -12.8716 -8.35632 -14.8682 -4.15706 4.74139 4.95686 55.9552
-5.99581 1.51801 -9.89371 -22.6511 -8.86752 -8.72066 -10.8335 -12.3584 -12.6386 -1.42642 4.09291 3.87806 56.4082
-5.58607 -0.027195 -7.75032 -22.4011 -11.7998 -5.88409 -10.8162 -13.3789 -12.4816 -0.476605 4.14388 0.00540858 56.3539
-13.06 -0.89535 -9.62153 -20.5824 -15.762 -16.8766 2.96303 -14.2757 -7.29271 2.81112 -0.0679496 -5.43872 63.2982
-17.9716 -3.09407 -11.4892 -20.4862 -19.9087 -15.4824 5.97647 -13.27 0.966491 4.0233 -6.02099 -11.5831 70.2869
-17.5537 -6.17967 -10.8751 -18.5502 -17.1964 -11.7342 3.7675 -12.2611 -3.81231 6.0632 -5.49008 -13.019 70.8648
-14.7007 -8.08905 -9.6361 -15.7865 -14.3306 -8.92645 6.17118 -6.28768 -4.22789 8.67797 -3.92112 -10.9084 70.4063
-12.44 -12.3334 -9.48903 -15.4515 -13.808 -9.99161 4.11018 -3.09779 -8.41117 3.87965 1.51672 -11.5094 69.5847
-10.8892 -13.951 -11.4775 -15.5177 -11.0684 -13.1916 4.4505 -0.110404 -10.5655 0.849772 5.16398 -10.4588 68.5204
-10.9567 -14.0287 -14.8067 -14.7533 -12.3657 -13.6172 -0.36528 2.26348 -15.6816 -1.93484 1.69139 -9.84236 68.2364
-10.595 -13.0546 -17.1108 -13.089 -9.84804 -15.0728 -2.19228 3.58002 -11.8743 -6.82582 2.08617 -6.51624 67.6992
-9.47203 -11.5813 -16.541 -10.2136 -4.20753 -13.4514 -2.57941 8.31117 -7.4987 -7.04334 1.85317 -2.85369 67.6734
-10.2694 -13.314 -17.5175 -11.9164 -3.74119 -15.0698 -7.2823 5.48823 -4.88807 -9.06432 -1.0326 -3.13308 67.0847
-9.32138 -15.1146 -17.9289 -16.6758 -1.53315 -18.0144 -11.3391 2.65915 -3.54732 -11.6267 -3.81974 -6.05519 65.4589
-6.57493 -14.3838 -19.7675 -16.0356 1.40852 -17.6715 -13.7676 1.01694 -2.82338 -8.70673 -1.41416 -8.46136 63.0098
-7.3067 -13.3716 -23.118 -16.2678 -2.91779 -15.1328 -17.8272 -3.44876 -2.28221 -6.38706 -5.75503 -12.7329 60.9441
-3.45791 -11.336 -25.2071 -12.7005 -4.81164 -10.824 -20.8034 -1.80283 -6.17421 0.390086 -6.85569 -10.5522 57.8579
-0.339699 -7.94295 -25.6326 -10.2265 -1.92578 -7.45318 -15.1055 2.12934 -6.29199 4.04166 1.38933 -13.4658 56.1146
-0.9263 -7.63875 -24.6904 -15.8297 -0.417443 -8.55175 -10.8752 -7.2975 -1.18871 0.358799 -3.07724 -11.4654 55.0124
-0.511799 -4.85911 -27.8299 -18.5932 0.118207 -9.99337 -14.5449 -6.96981 -5.66453 -2.55735 -3.09637 -15.557 51.2912
-0.72779 -1.72865 -25.6718 -18.4694 -4.12231 -1.70025 -15.9958 -11.4425 -0.893699 -2.33423 -7.36405 -12.6202 48.3105
-0.675367 0.917688 -24.072 -12.8178 -7.93351 -1.98366 -14.7287 -10.5777 -1.25961 -1.32545 -7.94931 -12.0129 45.4533
-1.58415 -1.67352 -18.8131 -10.4453 -8.31201 -2.61395 -15.1703 -2.83887 -7.06973 -1.24991 -7.05312 -8.36508 42.1696
-4.31375 1.27357 -13.2397 -7.21941 -9.10729 -5.36628 -6.44183 -3.33854 -7.1737 4.29313 -7.32202 -6.69055 39.8121
-6.88678 -1.23144 -15.1605 -12.3319 -8.77538 -2.19172 -5.94994 4.84503 -1.90401 -0.400513 -9.89809 -2.954 37.6791
-10.9117 -4.98833 -11.3325 -10.1667 -9.4879 -10.0489 -14.8191 1.04435 -2.17226 -0.653438 -13.2333 -6.8173 36.6294
-9.52511 -0.903039 -10.8093 -8.57118 -17.5071 -12.1079 -13.6889 -12.5759 -6.97524 0.899212 -6.30902 -0.123961 36.4322
-8.36108 -0.559627 -10.2026 -8.01056 -8.84344 0.486089 -8.47078 -13.0259 -13.105 -8.29961 -8.37185 -1.41873 37.8813
-8.10298 2.26589 -12.428 -11.2146 -16.2944 -6.21843 -6.2371 -3.10631 -2.64321 -9.59652 -14.9648 -2.99854 37.9133
-7.29833 -1.84149 -9.44448 -8.87018 -11.9891 -8.76384 -17.6744 -4.25936 -3.62609 -10.7623 -6.11009 2.57099 38.2193
-5.52871 -2.33454 -12.1883 -9.93915 -15.6831 -9.44329 -18.2557 -2.66546 -5.05539 -1.76385 -4.0598 -0.948157 38.716
-7.51382 -1.50341 -10.9347 -8.80034 -17.6721 -13.0663 -16.0736 -7.90952 -7.08838 -9.7715 -11.5742 -9.36438 37.7335
-6.19907 1.03712 -13.3696 -5.08294 -6.00567 -11.1832 -0.582503 -5.82431 -4.95017 -13.6209 -14.2572 -5.7595 38.0666
-4.42136 1.70759 -15.19 -10.9888 -10.5946 -1.56922 -0.435364 -0.0210131 -6.89704 -16.4693 -12.2656 -8.09472 38.9398
-4.62206 -1.13033 -13.0599 -8.79442 -10.1221 -4.83272 -17.4545 -6.00123 -4.01623 -4.00538 -2.04958 -2.7266 39.0845
-1.58544 5.16122 -15.9242 -11.2021 -11.0666 -4.6974 -9.30838 1.97102 -8.95702 -8.96596 -12.4908 -5.73485 38.8374
-3.88292 -0.852052 -16.7013 -9.28183 -9.51866 -5.79964 -13.6977 -8.22997 -10.1282 -5.90541 -5.84436 -4.27538 39.2826
-5.09941 -0.405116 -12.951 -8.95626 -19.224 -6.84175 -12.9843 -4.6459 -9.68811 -2.36754 -1.22935 -8.78205 38.3964
-5.17835 1.10212 -13.8912 -5.92055 -9.07318 -0.498019 -9.75627 -7.10243 -14.9037 -10.155 -2.52791 -5.8039 37.2109
-5.01025 -0.313151 -19.1382 -7.98765 -7.99979 -6.81171 -4.38076 -8.26742 -5.18015 -5.39952 -12.2301 -4.73488 38.5723
-4.45497 1.1873 -17.6558 -9.18599 -13.5554 -2.06133 -5.32991 -4.26618 -3.91281 -6.16353 -3.57239 -0.252017 39.1533
-4.77611 -2.77005 -16.6559 -8.09626 -7.49002 0.334616 -7.35467 -7.02915 -8.01704 -6.54246 0.0608075 -1.98614 39.9251
-3.86588 2.75695 -17.2013 -12.579 -12.2615 -3.89263 -4.92449 -6.49174 -10.3035 -3.52847 1.37067 -4.29546 38.5921
-6.33186 -3.35176 -16.8633 -12.8221 -7.38531 0.288649 -8.41207 -5.11467 -10.0892 -7.03673 -8.16524 0.864133 38.723
-5.39284 -2.89748 -20.5905 -9.60902 -9.54364 -5.62626 -8.67911 -4.59493 -6.57453 1.15277 -0.91504 3.99814 39.0852
-5.16892 -3.65316 -21.8171 -12.9584 -9.41974 -8.02192 -11.5544 -2.87633 -8.78126 -5.42593 -9.61682 -8.15853 39.0165
-5.27273 2.36631 -17.2495 -11.7962 -7.94487 -1.4487 -14.9038 -5.03595 -6.40518 -6.09523 -12.2596 -3.43089 36.9846
-4.4899 0.530905 -14.3043 -8.85424 -11.7026 -2.55722 -3.102 -0.0992192 -0.0624856 -2.27235 -11.1892 -10.1399 38.1276
-4.98792 1.2026 -13.7467 -10.0786 -6.96343 -2.54442 -8.6285 -10.0894 -7.5403 -3.81995 -5.84442 -3.71335 38.0413
-5.59284 2.36333 -11.4219 -12.2472 -9.55556 -10.2833 -16.7901 -4.9667 3.16042 2.24725 -0.49831 -3.1612 37.6913
-6.41999 0.93713 -16.0193 -10.3181 -9.23554 -4.45736 -9.93886 -7.20221 -10.2066 -5.62994 -1.23424 -8.76826 37.0031
-6.83543 1.37521 -16.4862 -11.0141 -13.4487 -8.66304 -7.63156 -7.12613 -9.38149 -0.117549 -3.48125 -1.91352 36.9957
-6.48672 2.03233 -12.1245 -16.2797 -17.7105 -3.4271 -15.8263 -11.8767 -7.05255 1.27663 -3.82808 -8.61304 36.6413
-5.16502 1.38251 -9.76731 -8.4554 -9.23172 -3.6227 -15.3157 -15.9792 -15.5244 -13.8355 -4.00025 -2.20746 36.8293
-4.22954 0.491959 -14.2501 -10.7883 -11.1188 -0.268835 -5.55974 -7.51579 -16.0075 -12.8496 -3.07952 -4.36992 37.739
-4.77141 0.900301 -14.581 -12.972 -12.5791 -8.91611 -6.8414 3.05644 -6.62558 -4.00387 -10.466 -8.29053 38.0759
-3.36264 -2.22744 -17.4279 -11.1146 -14.1106 -7.34437 -6.02431 0.683193 -8.44499 -4.06422 -2.98206 -8.26348 39.5953
-1.69689 -0.309661 -16.9363 -11.5562 -15.8829 -10.519 -7.84606 0.287964 -1.48283 4.61904 -0.655836 -5.64251 39.4044
-4.22512 -1.37251 -17.9617 -11.6924 -10.1386 -15.4517 -9.96779 -8.63409 -10.5228 -2.76261 -3.76238 -3.6026 40.2743
-4.8523 -1.16766 -18.4201 -12.0936 -7.98907 -7.24312 -13.5248 -2.60241 -1.03987 1.88963 -0.0744933 -3.31803 39.9276
-3.95443 -0.499276 -15.8285 -10.5858 -12.4174 -8.95109 -9.84655 5.27321 3.34062 0.097205 -3.14101 -3.83034 39.0357
-3.44026 1.33976 -15.0183 -10.4605 -9.715 -3.43112 -9.98987 -7.37164 -9.35781 -3.82246 -1.74818 -2.08649 39.5983
-2.23987 0.956829 -14.0486 -8.90736 -10.2885 -4.92298 -11.1654 -5.5791 -10.6254 -1.21363 -3.6415 -11.3016 39.5917
-3.58384 -1.56588 -15.7247 -9.2841 -13.3327 -4.94462 -8.82057 -4.00713 -2.02846 -0.0759032 -2.8607 -4.09027 39.2429
-5.9069 1.77326 -19.8523 -13.8858 -3.18862 -5.80826 -7.78685 2.26949 -6.70329 -4.24405 -5.39654 1.131 38.006
-6.79903 2.21264 -18.3594 -16.539 -8.27179 -5.48657 -7.50476 3.38415 -4.81186 -9.07053 -4.37099 -0.0597563 37.3906
-5.13104 -1.58817 -16.786 -10.706 -4.32997 -2.81331 -2.53073 -0.0822325 -8.63345 -1.89548 1.70652 -3.96566 38.0482
-4.69545 -2.19751 -21.9261 -12.8511 -17.0097 -8.14534 -1.62024 9.46525 2.13926 -3.17393 -2.29646 -5.81026 38.4933
-4.10432 2.84511 -14.0975 -13.2516 -10.8692 -3.24346 -6.45193 -2.46142 -0.913353 -1.04535 -10.448 -9.96064 38.051
-4.28386 3.94677 -13.7116 -13.2696 -8.96802 1.89926 -7.7872 -10.5247 -1.62307 7.88249 -5.32653 -4.9976 37.6933
-4.37952 3.93914 -17.8753 -10.74 -7.60821 -5.84746 -13.0126 -3.83049 1.00935 -1.74229 -4.87248 -6.96235 37.8604
-6.50947 3.61719 -14.0419 -13.3115 -11.5158 -4.25926 -6.06671 -2.62052 -4.15689 -9.58654 -6.68843 -4.59382 37.0487
-6.11266 -2.55626 -14.6168 -11.0687 -11.4907 -8.52217 -7.78899 -4.95128 -6.53232 -4.74058 -2.89264 0.852085 38.6912
-6.24184 -0.266496 -14.1168 -7.55778 -11.1116 -10.6012 -7.24696 -7.4587 2.65748 -5.58147 -4.10222 -0.122872 37.1475
-4.13832 -0.477217 -16.6024 -9.7374 -7.36444 -4.13737 -7.40762 -5.4839 -2.7512 -2.54167 -4.47442 -6.25401 38.8366
-3.52021 0.087158 -17.3026 -13.7257 -15.3596 -0.211464 -11.0059 -2.63628 1.02102 -6.12735 -4.49041 -4.50351 39.7414
-4.61607 -0.832212 -15.7562 -9.59117 -12.4607 -3.27988 -9.28749 -1.58591 -6.98817 -11.9849 -8.92838 -6.44476 38.2924
-3.08153 -1.32806 -19.7671 -14.8281 -9.75549 -2.72281 -16.1122 -2.72076 -1.00723 -4.67463 -10.6485 -7.8551 39.6479
-5.22524 -2.14117 -17.5373 -15.2773 -12.8771 -3.6534 -14.3486 -6.4505 -3.03133 1.1946 -2.50991 -3.59103 38.7363
-5.60589 -3.41302 -20.4703 -13.8584 -13.9922 -4.61171 -15.8751 -4.79174 -5.15193 -9.05931 -2.6927 0.999988 37.9861
