-9.36299 -3.18948 -5.40645 -8.17141 -9.74477 -4.45804 1.58505 0.831614 -8.14949 2.30645 1.86841 2.17657 74.9655
-15.5868 -4.48856 -6.80061 -8.53535 -5.79843 1.47327 -4.19005 -10.198 -6.651 -8.81068 -4.01503 -3.82885 31.5763
-15.7437 -3.63183 -7.292 -8.16298 3.28196 3.64115 -7.10827 -1.31004 -7.39295 -7.9632 -2.17841 -9.59556 31.6177
-15.7181 -4.30663 -8.46449 -9.58436 1.69911 -0.523116 -7.5001 -2.4809 -3.69529 -8.01955 -2.56763 -3.85315 31.6293
-16.0098 -6.84212 -11.0499 -9.32326 -4.44086 -0.0954309 -6.34762 -3.79507 1.385 -9.02498 -7.05178 -2.66659 31.1428
-17.3995 -5.76799 -8.54766 -7.70788 -4.28431 5.41004 -7.21059 -5.65627 0.482169 -10.3297 -3.76345 -5.82889 30.0998
-16.8264 -7.86473 -6.52863 -7.65334 -2.87714 0.958641 -5.72979 -1.36459 -0.0817488 -6.60781 0.563269 -1.85818 30.8227
-15.8815 -7.45408 -5.13334 -5.39182 -7.12979 -1.09594 0.46054 -3.61475 -3.38902 -6.32479 -3.16736 -4.94883 31.4964
-17.046 -7.81225 -8.05701 -8.77836 -5.29563 0.380649 -5.46683 -6.16994 -6.81822 -10.3989 -4.07977 -6.53197 30.6556
-14.3033 -2.31493 -7.107 -13.1802 -0.00978297 4.27418 -4.50067 -7.40254 -2.30225 -8.01076 -8.28695 -8.29491 31.7105
-16.5053 -8.52704 -9.08048 -11.3669 -0.647846 2.07856 -5.3011 -1.80992 -1.81594 -7.24816 -4.03472 -6.32033 30.5533
-15.1952 -6.29089 -7.2479 -9.36246 1.03711 0.823822 -6.96401 -0.121082 -0.972253 -9.25914 -3.75186 -5.96349 31.2593
-16.1887 -6.59977 -8.60081 -7.41381 -2.79517 -3.4572 -5.15847 -4.33921 0.2668 -10.021 -11.4619 -8.42746 30.4558
-16.5153 -8.15506 -9.73091 -9.01309 -2.81028 -1.61989 -5.86014 -5.39691 -1.34215 -9.53512 -3.90897 -1.10626 31.2519
-16.0827 -7.38109 -7.16626 -6.8034 -7.69619 -1.36428 -3.00324 -7.70817 5.12235 -7.96291 -2.9024 -3.9113 31.1756
-18.7559 -6.18332 -9.09406 -2.20857 -6.94643 0.52685 0.857548 -11.6068 -6.48376 -8.58578 -1.09248 -5.19552 32.5483
-16.5345 -7.23167 -4.99949 -1.92312 0.777683 1.39935 -4.30378 -9.47688 -11.0297 -11.8116 -5.4025 -0.336188 30.4658
-15.4421 -3.6012 -5.24914 -7.40358 -1.43489 1.83383 -0.495206 -2.88815 -3.26045 -9.35755 -9.10544 -5.44376 31.7244
-15.3534 -6.05679 -5.65616 -6.91538 -1.34147 1.35476 -6.41154 -3.93781 -6.20678 -6.13917 -2.33936 -2.56247 31.3593
-15.1848 -5.33708 -7.83847 -6.57774 -5.15165 1.86066 -4.54676 -3.49926 3.21428 -11.8676 -8.93283 -7.99063 30.7829
-16.4532 -9.22423 -6.68708 -7.23888 -2.2057 -1.99223 -5.24296 -1.1053 0.186732 -4.63912 -3.50185 -8.01617 29.8954
-16.3482 -6.8237 -8.25189 -3.50301 -3.17211 -1.94531 -5.14635 -5.8619 -4.66401 -9.06714 -6.92681 -5.71482 31.4567
-16.4275 -8.04416 -8.79753 -7.34812 -9.63766 0.421832 -3.0505 -9.41007 -5.20108 -9.2986 -8.89064 -9.01651 30.4364
-16.7756 -8.21972 -8.17052 -10.0929 -2.96988 -1.27836 -7.75456 -5.56514 -8.53461 -10.2395 -6.56569 -3.20628 30.0354
-14.7108 -5.2585 -8.3125 -10.1915 -0.522451 4.35307 -7.65957 -7.20747 -3.29911 -7.5267 -4.66639 -9.10808 30.9487
-17.7901 -5.90289 -8.31313 -5.71255 -3.74322 -1.574 -10.7375 -2.34992 -7.63513 -6.96858 -6.88522 -4.9167 30.8086
-14.4863 -3.93941 -6.59297 -5.15739 -1.46776 -1.01387 -7.53362 -1.81313 -7.02224 -9.52373 -9.45629 0.679198 31.8727
-17.2582 -7.63629 -11.1359 -10.0649 -4.38122 -3.11092 -8.34105 -0.259339 0.120829 -7.19113 -7.99347 -7.6691 30.9133
-16.4983 -10.1498 -6.39599 -11.1619 -8.78324 -5.11363 -5.26965 -9.98249 -2.82397 -2.53889 -8.67271 -3.04169 32.8215
-14.6384 -9.65235 2.00488 -17.0653 -19.353 -17.549 -0.883686 -14.7662 -12.1766 6.61946 -23.3998 -1.66897 41.1938
-13.3915 -3.80491 -0.111864 -12.1847 -18.4112 -14.7547 -3.01703 -25.2231 -13.1404 4.54191 -28.3343 -9.54805 36.295
-15.1632 -2.1171 -3.16122 -5.23957 -7.57386 -10.1508 -4.3424 -5.59896 -6.68614 -6.60362 -10.3561 0.328526 33.7409
-8.20312 5.52451 1.66669 -6.85255 -6.02086 -13.6528 -5.94181 -9.30987 -7.06116 0.389305 -21.8871 3.76249 37.6737
-7.2442 4.80338 5.17412 -2.47131 -5.49211 -12.8018 3.25556 -15.6173 -13.0583 3.44575 -16.1913 -2.2921 38.4009
-4.77903 1.60162 1.50147 -11.1799 -17.4251 -19.982 6.5699 -10.6972 -3.86937 3.19303 -18.1707 3.85264 44.3198
-5.86376 -3.03874 2.84256 -12.337 -14.4947 -22.9717 5.38133 -14.9391 -3.21398 4.34071 -22.2621 3.58338 47.9334
-6.56956 -1.16459 2.95577 -14.8475 -16.5445 -18.6203 3.78203 -12.0969 -10.1243 5.3191 -20.6961 3.66165 48.3643
-6.3024 -1.6568 2.12803 -16.8175 -11.2652 -20.9718 2.5454 -12.7842 -8.96401 0.318021 -15.8881 1.72358 49.0223
-5.57218 -1.59943 -0.237189 -11.6909 -14.8657 -21.9338 5.16387 -14.5397 -8.4689 0.130202 -17.5615 3.08003 49.0427
-6.05283 -1.78323 -0.686111 -11.1636 -15.1943 -20.594 4.08111 -16.3583 -6.59126 0.228591 -18.8643 3.80086 49.6291
-6.13911 -0.751679 -1.57776 -9.96217 -16.7258 -18.1225 1.24346 -14.7572 -6.30317 0.0308229 -18.3941 3.36292 49.7513
-5.07403 -1.21029 -1.82931 -7.87076 -19.1927 -17.2238 3.00036 -12.865 -8.23914 2.9105 -18.6182 5.30404 49.4363
-4.72706 -1.7948 -1.51138 -7.89121 -21.3752 -17.2796 2.30374 -12.5924 -9.37646 2.9197 -19.7076 4.20804 49.352
-3.74388 -1.50687 -1.64572 -9.13973 -19.8057 -15.2569 0.981498 -11.7454 -8.2451 3.85426 -19.663 4.08775 49.1751
-4.27214 -0.978916 -2.42356 -11.5448 -17.1281 -20.2162 1.68418 -10.8283 -10.847 3.70943 -19.1249 2.40482 49.506
-4.62298 -0.251693 -2.94521 -12.0325 -16.3121 -20.8016 -0.394785 -5.58238 -17.4556 7.05878 -18.7487 2.7426 49.6347
-4.97652 -0.269819 -0.798625 -12.9667 -16.6842 -21.0204 2.3305 -7.90037 -19.0198 7.58611 -15.5171 -2.84349 49.7941
-3.71313 -0.708363 -2.66151 -9.25161 -19.5158 -20.6124 4.57292 -10.9443 -18.6408 10.1802 -16.4146 -4.17872 49.1456
-4.08008 -0.764687 -1.14397 -9.43324 -17.2621 -20.9477 2.47898 -5.55545 -20.9881 11.0812 -15.2811 -2.26588 49.5523
-3.12131 -2.78555 -0.0817995 -9.31211 -19.7638 -21.4952 4.60422 -9.42127 -20.971 12.4684 -8.92839 -13.3992 49.3749
-5.02088 -8.33026 -6.09378 -1.27655 -23.522 -12.4957 6.45864 -7.08821 -18.384 5.4349 -2.20499 -8.2575 54.3548
-4.97562 -13.6046 -14.873 -0.632319 -33.8384 -4.57719 2.31064 -6.34642 -11.6084 -0.5281 -2.40534 -4.16752 62.1521
-6.82777 -12.6733 -18.4411 -2.97275 -25.2965 -2.31207 -1.55667 1.50207 -15.8436 -6.38446 -0.449448 -0.980405 65.671
-6.47931 -14.6462 -19.0187 -1.26687 -24.3892 1.84421 -7.17416 8.49147 -14.8946 -11.5723 3.66701 -0.83073 66.2257
-5.36903 -14.3787 -18.0557 0.650812 -17.25 1.07073 -6.37057 16.7695 -12.6631 -10.3935 5.61755 3.37495 66.9992
-5.58303 -18.0739 -19.5622 -4.57689 -14.9369 -2.82445 -12.9475 17.4475 -16.3725 -12.4339 -0.905272 2.08745 66.7055
-5.84723 -19.8217 -16.8297 -11.6812 -8.833 -5.77642 -13.2909 14.3684 -13.7602 -14.3342 0.70418 -4.78077 67.0405
-5.43819 -21.2491 -15.8661 -16.669 -3.18822 -9.04466 -13.5642 11.7289 -10.8184 -11.4104 -7.68962 -1.42011 66.7072
-5.36126 -19.2035 -19.146 -16.9115 -0.723988 -8.8145 -16.5094 8.858 -7.10742 -12.1754 -9.9435 -6.39196 66.2329
-5.06325 -14.5696 -17.6977 -12.9354 5.57768 -5.47908 -9.56705 8.51447 -0.97878 -9.00987 -5.22591 -12.6565 66.7306
-8.28937 -14.5036 -23.7046 -16.958 1.20651 -10.9232 -12.6489 0.442063 -3.56486 -12.333 -6.21915 -17.3986 65.6771
-7.30404 -11.6656 -23.5659 -15.4966 3.26106 -9.21293 -10.8279 2.65553 -3.55261 -8.65981 -2.08864 -18.7897 64.8228
-7.68482 -11.4118 -25.411 -17.8715 2.90241 -11.2447 -12.8744 0.164502 -5.40113 -11.1774 -3.36951 -20.4284 63.4363
-7.04949 -10.3833 -24.9025 -16.6767 3.32504 -7.96631 -11.2312 0.998039 -4.20632 -6.53534 -2.65289 -21.9089 62.339
-5.98316 -10.4062 -23.7652 -16.883 1.06876 -7.50464 -10.8557 -0.570678 -3.4185 -6.48564 -1.91332 -23.9994 60.3598
-5.1701 -10.4052 -24.5057 -16.773 0.571315 -6.85651 -13.7369 0.0997429 -4.76175 -6.86182 -0.945535 -22.2921 58.5956
-5.05655 -10.0363 -25.5641 -17.7363 2.29032 -8.70302 -15.2272 -1.71325 -5.57508 -8.88315 -3.67082 -18.5244 57.2484
-3.34532 -9.07096 -22.7004 -15.8001 4.43099 -5.99323 -12.903 0.027394 -2.54445 -5.06954 -1.96253 -19.2689 55.9366
-3.20535 -10.3818 -24.8729 -15.7517 3.96061 -6.06934 -15.5739 -0.560006 -8.75027 -4.39807 -1.453 -21.0018 55.341
-0.985158 -10.1619 -24.6033 -13.4259 4.68084 -3.20418 -12.8889 -1.12538 -4.66325 -6.52967 -2.54873 -24.35 51.7037
-1.89404 -9.96819 -21.5274 -17.7516 -0.120507 -1.26058 -10.76 -3.01882 -5.47558 -4.14597 -5.69937 -21.0733 51.5208
-2.99175 -5.96936 -20.3549 -17.1283 0.580095 -5.83939 -16.2458 2.02739 0.548765 1.02121 -0.818841 -22.2885 50.9323
-2.48285 -9.72668 -24.7941 -21.7938 -2.78081 -4.30252 -16.5761 1.50651 -2.87863 -2.01602 0.418579 -18.8067 56.4868
-3.15688 -5.32392 -25.7766 -24.0838 -2.30418 -3.38722 -17.3752 -0.582186 2.27479 5.29921 -5.4655 -27.9675 49.6428
-1.07148 -1.21011 -22.9295 -29.5154 -9.66173 -8.71011 -10.9255 -9.95775 -2.88065 -1.58842 -7.18091 -24.2948 49.4024
-0.585236 -1.5688 -17.0737 -19.9118 -0.704834 -6.95006 -16.9417 5.43997 1.3438 -1.53406 -1.6736 -19.2107 48.8337
-2.4922 -0.487279 -22.5467 -20.2052 1.80107 -6.76826 -18.5152 3.86269 -4.05195 -6.44083 -4.20782 -22.8019 46.6695
-1.58711 -3.30449 -19.6173 -16.1955 -0.153407 -8.57386 -17.4489 -2.39515 -2.68319 -0.453818 -3.38538 -22.236 45.4245
-2.2591 -4.52707 -18.4419 -16.5725 -0.800136 -3.10148 -8.31844 -1.7158 -0.770255 -0.413984 -8.99388 -25.9702 45.4782
-0.0862679 -7.00833 -21.1639 -15.4237 -8.02534 0.105455 -15.4618 -3.55816 -7.56839 -1.64447 -4.12771 -20.1765 47.6775
-2.5203 -3.90897 -19.6745 -13.6702 -4.45876 -1.41349 -12.2068 -4.20864 1.74367 -3.33663 -3.34384 -22.5725 45.2903
-2.20702 -4.39546 -26.2208 -22.9783 3.00549 -7.09883 -20.385 -2.49311 -2.45825 -1.65362 0.852369 -16.9582 50.3297
-1.33594 -3.13778 -26.3852 -21.3832 -1.04011 -1.35982 -18.4789 -5.61643 4.32492 -4.42947 -0.772987 -22.3306 48.3906
-0.907667 -2.77726 -21.2695 -16.8549 -0.678371 -5.28753 -17.6418 -5.08897 1.20367 -1.22243 -1.33964 -21.1403 47.5044
-1.49249 -1.24838 -20.2878 -20.8804 1.96332 7.73365 -15.7054 1.4843 2.80298 -1.9471 0.0458395 -11.755 48.379
-1.17822 -2.25482 -24.4525 -25.5706 -3.32031 -0.869125 -18.3255 -4.68749 -0.769995 -3.45746 3.87887 -18.83 51.0877
0.441149 -1.08708 -21.6059 -19.8466 1.4841 -0.134495 -14.1063 0.180976 -0.860026 0.518761 -1.13213 -12.5829 50.0133
-0.0283076 -1.85169 -21.5745 -22.4964 -1.44715 -3.25847 -14.0398 -5.21216 -3.57342 4.62584 -0.820102 -16.7063 50.3002
-0.37775 -1.57868 -15.8862 -16.7269 -4.68277 -1.2257 -8.52002 -2.27394 -11.927 3.06879 5.58532 -15.2464 48.3658
-1.23105 -2.90821 -20.1042 -15.3381 -0.648441 -5.03566 -11.9957 0.947385 -1.96266 5.55585 0.144251 -10.5692 47.759
-0.176984 -4.41953 -24.455 -16.9647 0.815732 2.91945 -8.97991 -3.10463 4.13403 8.04389 1.43915 -13.1787 46.7596
-3.88802 -4.23163 -15.1694 -15.6596 3.20256 5.34909 -12.4792 -3.13727 -7.87257 7.74023 2.79834 -13.258 44.4574
-8.0269 -9.68125 -11.6395 -8.0793 4.31228 4.34745 -16.1294 -9.40048 -4.96065 -2.58744 -2.55068 -15.8683 41.5009
-9.93693 -13.3814 -19.6559 -11.0811 -9.46542 -5.00595 -9.01465 -3.01534 -2.55454 -6.31143 -3.63381 -7.23723 40.3042
-8.07539 -10.1336 -19.7394 -10.2094 -5.18682 -2.86017 -9.11779 -3.14983 -4.87985 -16.2689 5.37682 -5.68022 42.1694
-6.99733 -7.63869 -19.5833 -10.1404 -2.64592 -1.39202 -8.43072 -7.6997 -8.86304 -8.16823 8.92957 -7.6551 41.5633
-8.83843 -9.63151 -21.8041 -5.58325 4.3667 -2.99863 -7.52167 -12.4053 -4.25621 -0.922827 -0.0595929 -6.574 40.154
-10.2861 -9.54897 -21.3432 -12.7146 -4.74809 -1.04045 -13.2564 -4.85514 -3.66268 -7.04975 7.32674 -10.6947 39.4177
-10.0802 -5.24823 -18.2216 -9.07849 -8.06545 -4.89967 -8.58466 -9.86898 -1.59308 -7.88718 -1.43618 -9.08581 38.592
-8.8712 -9.52832 -21.4164 -13.5846 -0.929583 -3.6927 -12.0901 -9.36917 -2.85667 -8.49928 1.93299 -5.80406 38.0185
-9.77112 -9.42333 -18.3579 -12.0201 -0.508189 -5.47459 -9.03666 -8.9039 -5.88887 0.451366 -6.63251 -12.0412 37.4329
-11.627 -9.84196 -15.6158 -8.00068 1.25328 -4.87253 -11.9725 -5.77518 -7.53961 0.943034 -3.88407 -5.604 36.271
-12.2526 -12.3918 -20.6408 -10.7862 0.241728 -3.20957 -15.8798 -3.58022 -5.48249 -2.80651 1.75442 -13.0849 35.4495
-15.2813 -9.07812 -15.1238 -13.2813 4.37826 10.4959 -8.04502 -2.20053 -2.41311 -3.49271 -0.723636 -11.8747 33.0278
-15.7806 -8.6742 -18.5648 -10.1189 9.10077 7.54302 -14.9212 -5.57917 -7.33943 -6.32059 -5.15586 -7.88502 33.0333
-15.3081 -12.0456 -13.2739 -9.8255 1.57005 -1.776 -14.2327 -12.8748 -3.50567 -1.32254 0.131782 -3.38166 33.5531
-14.1883 -10.8797 -18.3432 -8.14551 8.42077 11.1143 -11.783 -5.60776 -1.57961 -4.3391 -6.27696 -7.9001 33.7199
-14.5366 -10.6817 -19.6559 -7.24031 8.1745 5.30089 -10.152 0.0947947 -3.9069 -5.96484 -2.52755 -12.5817 33.9595
-13.8689 -10.2371 -17.3219 -13.0264 4.36541 -3.86926 -13.0179 -3.76273 0.884977 -1.93252 -8.75505 -2.29344 33.8346
-15.5496 -6.61909 -13.6798 -5.60288 9.13845 -0.541913 -10.4885 -7.41918 -5.646 -4.7452 -0.35921 -12.5422 33.9531
-13.7625 -7.92623 -16.5405 -6.59291 4.92663 5.19262 -14.7113 -5.5008 -3.5633 -0.725542 -4.82223 -4.18792 33.1512
-12.4024 -6.20978 -15.6257 -3.90251 9.00217 0.411826 -14.1221 -14.1778 -7.29249 -5.50902 -0.463341 -2.75548 34.33
-13.7985 -10.0017 -17.437 -9.46498 5.80927 0.813387 -13.1587 -7.48769 0.8191 -6.96042 -3.8055 -3.27667 33.7404
-13.9713 -9.36192 -17.5396 -7.27879 7.25021 1.63214 -19.8792 -6.98851 -1.0149 7.74578 -4.89073 -12.8962 34.4906
-14.7604 -13.0697 -16.4344 -4.02045 3.03025 0.393792 -9.40125 -4.94234 -2.47025 0.811472 -8.3743 -9.16535 34.4592
-14.335 -10.8126 -18.3555 -5.80368 -1.63357 -3.91571 -14.4528 -14.1509 -6.96511 -3.82713 -4.79293 -4.57223 34.8991
-13.6507 -9.58115 -18.1493 -3.25298 7.28644 0.107176 -15.6929 -4.87471 2.89003 -3.04873 -16.1777 -10.0951 34.308
-12.3983 -12.4429 -19.4785 -11.0371 4.87506 1.40159 -9.96006 -7.67196 -1.13408 -5.90272 -0.719142 -5.32101 34.7688
-13.3622 -13.1508 -17.6801 -7.88057 7.75211 -2.51059 -18.6846 -7.59966 0.17889 -5.84014 0.236511 -7.07673 34.9115
-13.4549 -13.8718 -12.623 -3.63003 4.88887 -6.0935 -13.3502 -1.82918 -5.57937 -4.27875 -4.0056 0.434126 34.6824
-13.428 -15.8993 -19.8733 -0.414301 7.02383 -5.28762 -13.4541 -1.23891 -0.700598 0.365155 -2.61706 -0.627797 35.4437
-12.0079 -11.8648 -16.3519 -5.67746 1.62743 -5.13906 -23.0373 2.14347 2.91625 -1.55238 -5.18721 -3.8457 36.5616
-13.4308 -13.0336 -17.2266 -9.57771 0.691327 -5.95596 -17.0113 -4.2266 -10.7355 -6.1732 -4.03395 -4.32308 36.4936
-14.4582 -14.4873 -12.5774 -3.68988 2.93222 -9.48303 -14.9925 3.71319 -10.078 -4.44689 -6.0903 -5.96254 35.9951
-14.3031 -14.3253 -19.8796 -4.76608 6.45476 -1.98259 -14.9428 -6.76894 -2.75326 -6.87428 -4.60908 0.406531 36.0984
-15.7689 -13.9926 -15.7326 -5.53444 3.72032 -0.622623 -12.1149 -3.15974 -8.32171 -6.29213 -5.85164 -5.37598 35.5442
-13.2038 -14.0495 -13.3683 -4.94299 8.80737 -5.93818 -19.8566 -9.59436 -13.4468 -12.4572 -5.86113 -6.7265 35.963
-13.8908 -11.9489 -13.8654 -6.90342 2.37478 -7.90899 -13.0861 -4.75485 0.486967 -6.04433 -2.24915 -5.89764 36.5273
-13.3268 -10.2962 -15.0247 -8.76872 5.16931 -11.158 -18.2335 -0.951311 -4.33828 -1.68426 -5.25504 -9.1123 36.3406
-12.7148 -10.2518 -14.5505 -8.23899 5.90298 -8.21292 -18.591 -2.90374 -10.2168 -2.06524 -8.15591 -9.78504 36.2727
-13.0892 -10.5722 -14.1741 -6.93804 -2.78597 -9.24073 -18.5615 -1.27122 -8.08089 -5.55426 -13.9485 -20.1625 35.4905
-12.6764 -14.2675 -15.5006 -5.69237 5.03992 -5.87375 -14.0808 -1.42737 -4.01302 -4.80362 -4.15621 -8.59133 36.9362
-12.3445 -10.1088 -13.7663 -6.39086 2.25826 -8.66162 -19.1777 0.804722 0.0670178 -5.83652 -3.02215 -0.216779 36.3687
-11.0322 -9.09463 -11.0224 -5.15677 3.71841 -10.1528 -18.0879 -0.854719 -6.2938 -0.762468 -4.63156 -6.60403 36.1524
-12.6236 -11.1559 -15.1049 -4.60578 2.73061 -5.17487 -15.3036 -0.864031 -10.0177 -9.47144 -12.606 -4.82116 36.2712
-13.7007 -10.4963 -15.5767 -4.86358 9.4098 -2.64925 -16.1881 -5.41232 -8.75925 -12.5748 -3.32903 -8.28199 35.3876
-13.812 -13.3063 -16.9838 -8.47209 -2.46972 -1.57789 -19.3586 -6.4809 -1.3097 -6.36012 -0.62749 -7.70162 35.0375
-13.8332 -10.2503 -16.8773 -8.88796 -0.800028 -13.9908 -22.5812 -8.3244 -6.65682 -5.97166 -5.31718 -1.31796 34.8307
-14.3194 -11.5525 -10.0143 -6.80684 -1.12155 -13.3565 -19.5971 -3.85277 -8.21087 -4.31607 -3.65729 -1.93916 34.3145
-14.5613 -11.2968 -13.4775 -3.3456 4.15438 -0.617756 -20.2027 -11.1006 -12.2463 -1.65891 1.73985 -7.48849 33.8774
-13.8702 -11.6101 -12.5609 -0.98644 7.34742 -4.14233 -15.5047 -7.7348 -15.6633 -10.9882 -8.33438 -9.9379 34.1673
-15.4628 -11.1076 -13.4147 -4.18446 3.43007 -5.04114 -10.6469 -0.511393 -7.9216 -6.8983 2.35831 4.92244 34.5843
-13.0077 -9.11876 -12.9411 -5.61908 0.572835 -4.58689 -5.58626 -0.0539265 -1.01544 -10.1892 -7.35025 -5.25185 34.6567
-12.8154 -9.14261 -10.2782 -6.53788 0.504829 -2.6254 -14.3697 -10.4462 -7.33087 -8.22691 -5.69507 -11.2226 34.6536
-13.206 -8.82314 -8.66626 -1.38346 1.09756 -7.98799 -8.75232 -5.53085 -9.71663 -7.95944 -7.30576 -7.8679 34.9107
-11.8984 -9.74959 -10.2727 -6.99463 -2.31057 -7.46858 -9.63962 -8.53641 -3.78901 -8.12734 -2.54006 -11.5435 34.6538
-13.4527 -9.70272 -13.3286 -5.02791 -0.468809 0.858424 -3.26431 -10.1208 -8.61154 -10.8721 0.510487 2.83154 33.55
-14.1513 -9.12541 -9.3594 -0.0656717 3.53858 -3.51542 -6.56365 3.43521 -10.5391 -8.7661 -11.6698 2.40299 33.4911
-15.5426 -10.0937 -10.6845 -1.92684 -1.20676 -3.58604 -15.4951 -3.96268 -12.4632 -6.96439 -7.42523 -5.11135 33.5507
