-9.36095 -3.18518 -5.40783 -8.17449 -9.74107 -4.46076 1.58537 0.853585 -8.15827 2.2971 1.87462 2.1858 74.9633
-19.5266 -7.55802 -3.61236 -6.97033 -9.88928 -8.6743 -7.06626 -2.43414 6.00137 8.81576 6.30315 0.666717 30.1496
-19.0486 -4.93392 -2.82932 -4.38064 -6.16731 -4.7509 1.33729 1.89781 -9.48437 -7.08705 -1.91802 -0.932813 29.09
-17.0892 -1.94596 -1.99351 0.231181 1.57854 -2.72207 0.653545 -4.74976 -7.91164 4.35994 5.96713 0.207557 28.8894
-13.6164 -0.405828 -0.994308 -0.452508 -6.66892 -7.63075 9.12906 -1.12944 -5.04465 8.41501 3.74051 1.61932 31.8028
-18.2871 -5.27452 -3.69855 0.508801 -4.17788 -11.4714 -1.00442 -3.58624 -8.80765 4.02491 3.02596 5.46766 28.7977
-19.6984 -3.43988 -1.82807 1.26698 -4.18377 -0.24555 5.27886 -6.08221 -8.38019 1.74253 7.83092 0.623623 27.8386
-19.2872 -7.09428 -6.73518 -3.34938 -0.775716 3.72853 6.68624 -1.68609 -7.71048 0.916436 2.61156 -6.5533 28.3811
-18.8606 -9.40426 -9.54463 -8.36921 -5.40358 -0.271287 -0.910982 -3.43953 1.71307 3.82777 5.96367 -1.82337 28.0668
-18.9602 -7.65293 -7.39246 -4.57078 -2.438 -0.502425 0.550448 -1.85309 -6.67161 -1.473 4.78223 -1.17637 28.8842
-18.3515 -3.74858 -0.194046 3.08795 -7.3304 -9.73176 6.06926 -1.90785 -2.20709 4.74067 -2.80238 1.3015 27.9006
-19.1514 -5.23767 -1.7464 2.63477 -4.46155 -8.8167 4.37608 5.45744 -0.0512623 7.99056 -0.83528 -6.91718 28.7004
-17.5355 -6.32548 -2.61351 0.911219 -3.2075 -7.68553 3.03733 -2.9165 -6.99075 3.89373 0.0904659 -3.13815 29.0488
-17.924 -6.42168 -4.9306 -2.20767 -3.42759 -3.02016 0.996528 0.798303 -4.22073 -0.274324 1.37474 1.06236 27.5601
-19.1556 -7.43121 -7.29984 -2.78139 2.50657 3.71448 2.72664 -0.330427 -10.0544 -0.0823339 6.97822 -1.74714 28.3305
-17.4147 -8.2967 -5.14925 -3.8998 -4.09566 -6.74099 -1.47192 -1.59637 -7.25447 1.02 0.949086 1.12424 28.5248
-18.3183 -6.49203 -4.26311 -1.49996 -6.10764 -8.73049 -3.91702 -0.33978 -5.06391 0.2442 1.60813 0.607061 28.8789
-19.8367 -6.31337 -4.75029 0.330241 -1.14493 -5.98711 -4.86775 -3.54048 -9.55416 4.19176 9.80881 3.77057 28.4148
-18.8276 -6.74144 -5.43636 -2.70487 -6.98566 -7.45083 -2.40366 -7.3329 -9.80873 -3.14814 -1.41669 -1.16877 28.3588
-19.6677 -6.23458 -4.84503 -0.397213 -4.40379 -10.4702 1.88554 -0.852504 -10.2326 2.97214 -0.540228 6.03571 28.0804
-19.0023 -7.01005 -4.96392 -1.93961 0.684267 3.05411 6.79745 -5.49222 -15.5843 -6.42085 2.56755 -0.546583 26.8939
-18.0435 -5.17832 -3.10485 -1.43434 -10.3176 -7.08008 0.566868 -8.82442 -3.45574 -0.275534 -1.11816 -1.25334 27.9852
-19.7818 -6.67489 -8.61621 -6.29139 -6.74331 -0.536584 -2.19199 -1.71296 1.82088 2.38843 4.21888 -1.42522 27.4127
-17.7323 -5.67789 -3.19325 -0.636423 -7.38862 -1.60633 8.03561 -1.16962 3.10367 0.817796 3.42266 -0.2068 29.0204
-18.5214 -5.71295 -2.76957 0.344675 -6.09465 -7.0838 0.726835 -1.09572 -5.35696 0.875675 2.2316 2.98051 28.3483
-19.8536 -5.6532 -5.7937 -2.25936 -3.37998 -0.976099 3.23962 4.04669 -2.94395 -1.91052 2.73904 -4.59677 28.178
-19.7321 -5.81312 -3.22147 1.54192 -1.46327 -1.48168 4.68472 -4.58269 -15.0311 -5.50034 -1.28856 -6.38279 28.3368
-19.4067 -1.73208 3.28405 4.90628 -9.03674 -6.55417 9.48081 -7.96599 -8.53972 1.70607 4.64673 5.91328 27.5942
-18.2028 -5.12467 -1.38298 2.05931 -5.19164 -12.2825 5.67983 -1.82458 -7.8124 3.89039 -5.24034 2.86192 28.0266
-18.9632 -5.07205 -2.53498 2.74486 -2.39645 -7.42622 0.641011 -2.57278 -10.8459 0.838545 1.18496 -0.127363 28.7306
-19.8239 -5.09553 -1.92226 3.04848 -3.87355 -5.11456 0.799192 -9.96988 -13.9278 -7.08509 2.23136 2.03366 28.4235
-19.6501 -6.36973 -4.81471 0.572302 -2.64477 -5.22743 4.77417 -5.89763 -10.6355 -2.50495 1.90828 4.4117 28.4234
-18.7805 -3.72426 0.848781 4.6292 -5.39674 -10.9775 5.58921 -0.458578 -7.82085 1.57482 -3.33204 -0.711016 28.474
-17.263 -6.34427 -1.42895 3.97014 -5.35578 -8.79015 1.87344 -4.87256 -11.1893 -2.08491 -8.98169 -3.26737 28.4312
-20.8197 -4.95078 -5.21621 0.860293 -5.7564 -2.28735 1.5618 -0.0584173 0.69395 5.47146 -0.783494 -1.89517 29.4436
-25.1584 -4.083 -4.44373 -2.44047 -13.0856 9.8138 -0.647084 -0.284114 2.35001 6.79565 -0.0519339 0.833542 31.8877
-20.5824 -3.09066 -0.662521 4.59897 -14.5146 -1.69244 1.24808 -6.12164 -4.91295 -1.21102 -7.95716 3.15675 29.479
-15.6218 -2.74562 0.191096 -0.650933 -2.39387 0.693123 6.73413 -2.16137 -6.28211 6.32303 5.40159 -0.663967 31.7325
-14.3659 -1.84403 -3.18276 -3.73125 -2.26998 -1.81621 1.23511 -0.0737415 -3.98609 3.10272 6.21892 -2.40591 31.2669
-19.0279 -5.51501 -2.80175 2.68189 -2.26043 -6.96232 0.718981 -3.09119 -11.3457 0.0484695 2.25753 0.825149 28.9618
-21.0663 -4.44434 -2.93615 0.860457 -6.6432 -6.50978 2.67527 -0.37377 -6.86291 -4.06548 -2.58947 3.526 27.3014
-19.581 -5.61416 -3.1871 0.0903723 -7.59267 -9.3337 0.615363 -3.50492 -7.28682 -2.96985 -4.07922 4.21645 28.1568
-19.9402 -5.77386 -2.4144 -1.92153 -10.1342 -10.7051 1.91972 -4.50493 -4.0103 -3.07286 -2.05877 2.26452 27.9051
-19.2971 -6.13554 -3.78191 -1.93083 -6.76173 -8.91235 0.550953 -1.56484 1.19091 4.86278 5.10887 2.1112 28.6487
-19.3129 -3.91462 -2.74657 -0.0178821 -3.06283 -3.16063 0.262621 -10.129 -10.1492 3.99963 4.0938 3.41352 29.2495
-19.7517 -5.10273 -3.18581 -0.495671 -4.55213 4.48539 9.83229 -2.7046 -1.08457 0.445095 3.91142 -13.2432 27.7413
-20.4165 -7.10665 -7.53248 -4.45999 -3.17779 5.74083 6.16379 1.17504 -0.480611 -1.22525 11.8818 -1.72483 27.7773
-19.1312 -6.30119 -3.05537 1.37236 -0.0774722 -4.06862 -1.04244 -3.85581 -7.82253 0.321875 3.63836 -8.74842 28.9629
-18.6033 -4.24833 -1.0082 0.775333 -9.6125 -9.31256 4.44708 2.39603 2.72418 -0.126136 -4.15883 -3.80759 28.6451
-21.4802 -2.9472 0.829479 2.59625 -11.2067 -16.7462 5.00527 -1.77845 -2.31057 8.28513 -4.14571 2.49607 26.634
-20.6613 -3.50464 -5.22126 -1.02114 -3.82526 -2.73294 2.99172 -4.30273 -12.2472 3.89121 2.51588 -2.01633 27.3706
-8.77551 -1.79993 -11.5921 -9.30386 -13.8928 -11.8139 -7.31371 -7.02844 -4.11583 1.6963 4.18321 -5.60045 34.4621
-1.49796 0.459475 -12.4283 -9.95611 -13.3587 -22.8246 -10.1565 -16.9678 -2.47203 -1.58761 -0.890694 -2.82718 43.5417
-0.464527 3.18417 -12.1286 -12.5244 -9.63921 -22.1704 -6.25573 -7.9916 -4.37986 -10.272 -2.81708 -8.98092 43.8614
-0.364843 1.40136 -11.6901 -12.0139 -12.1221 -14.6649 -8.99297 -12.4141 -3.45559 -10.0955 -6.28761 -7.19552 45.8569
-0.0558515 1.23706 -10.5707 -12.1746 -9.77886 -14.5345 -12.0651 -6.12994 -2.09948 -3.94332 -5.13777 -8.54873 46.7527
1.14692 -0.156625 -9.62093 -10.7584 -10.1875 -17.7127 -8.1035 -7.3309 -2.59832 -5.07554 -9.93863 -3.50751 46.8385
1.02571 2.03653 -11.812 -11.783 -10.6989 -15.9021 -6.98624 -11.8908 -3.96887 -3.02358 -12.1645 -8.19357 46.8776
0.118633 1.92008 -10.5578 -11.6171 -12.6795 -15.1621 -7.5119 -8.26474 -3.46294 -4.9165 -11.6591 -8.74219 47.5702
-6.35369 -1.8322 -12.046 -12.0151 -13.7108 -1.94292 -10.5524 -9.78516 2.46942 -19.3789 -6.94396 -3.15303 54.8384
-5.17751 -4.42886 -13.8171 -17.5829 -8.49104 -3.46755 -7.59989 -10.0664 0.577557 -18.216 -8.18336 -1.91899 56.7807
-5.9967 -5.45628 -14.0302 -17.0972 -5.60912 -2.26288 -10.7662 -8.58604 2.12296 -19.3996 -3.45876 2.82775 58.1616
-6.50492 -4.88602 -16.4833 -16.4078 -4.74514 -1.52003 -14.141 -10.2726 -0.395045 -13.0592 -7.0605 3.70102 58.42
-7.09751 -5.99025 -18.0156 -14.8144 -5.97246 -4.70879 -13.6017 -15.2414 -1.02161 -9.15709 -9.54537 1.94785 58.5388
-5.31614 -5.15343 -13.2005 -13.0909 -2.93361 0.978929 -10.7536 -12.1372 4.21042 -2.17922 -9.65002 7.53272 58.4666
-7.17508 -7.1462 -12.3338 -15.0681 -6.41937 -2.90934 -11.9937 -15.5459 -0.370748 -3.82075 -11.2134 -0.387861 58.3271
-7.20824 -5.84667 -11.0455 -15.4461 -3.93446 -2.35518 -9.80442 -18.8424 5.40337 -1.30838 -12.2862 0.0392594 57.957
-6.79209 -8.12411 -9.86563 -12.9492 -8.58825 -1.19035 -10.434 -19.6229 2.89484 1.3658 -12.8925 -1.0354 57.562
-6.35929 -11.1439 -9.3918 -11.9395 -8.51303 -3.3778 -10.0023 -21.2832 3.16179 -1.16256 -10.8209 -0.59233 57.564
-8.28372 -13.4201 -8.29518 -8.17492 -8.56566 -4.50488 -9.60474 -21.8414 1.21083 1.57163 -9.95964 -2.61813 58.635
-8.31814 -12.9786 -9.18048 -7.2331 -7.788 -3.88031 -8.93672 -21.2947 2.83907 4.27593 -13.195 -0.165565 58.3363
-8.21683 -14.3272 -10.4439 -6.76842 -6.79563 -8.53242 -4.83197 -24.0707 -1.7164 6.90671 -10.6076 -3.3404 57.8814
-7.95958 -13.551 -11.9287 -3.02327 -4.88999 -8.81442 -0.765938 -23.4516 -2.05408 9.31437 -7.58961 -2.97997 57.8284
-8.28341 -17.0443 -12.0879 0.500486 -8.92579 -9.29354 -0.747814 -24.4364 -5.13394 4.43067 -5.43653 -3.86672 57.9612
-8.51634 -16.9171 -12.5249 -0.27409 -9.25296 -10.3586 -1.61804 -22.8407 -7.98344 3.99615 -6.94651 -2.58709 57.4728
-7.8119 -18.2772 -11.5221 1.97076 -10.7113 -9.7152 -3.83385 -19.0411 -9.94447 3.78915 -5.42423 -1.97723 56.6292
-7.86941 -17.2844 -11.1601 1.17851 -8.97512 -12.2342 -0.738143 -19.1729 -9.84382 1.23025 -2.57382 -1.2033 56.145
-6.72592 -16.9505 -12.5507 3.20705 -6.68179 -14.9411 1.96323 -17.5871 -8.91314 1.75788 -0.891311 -1.57595 55.3895
-5.71568 -16.7107 -15.3398 1.90614 -8.25881 -13.7577 -1.88084 -16.4291 -10.6115 -1.58759 -0.980186 0.389975 54.0276
-5.2258 -15.6927 -16.4302 2.53202 -7.12262 -14.1663 -1.75002 -14.3219 -9.7424 -5.96927 2.03442 -1.41543 53.5026
-4.62577 -15.1754 -17.7185 2.22072 -6.25229 -11.3254 -3.85519 -8.93522 -9.92377 -8.15945 2.63648 -0.245473 52.9651
-2.71748 -15.1713 -19.722 2.76525 -6.46097 -10.6448 -4.54883 -6.88973 -8.00681 -11.5763 2.04545 1.53551 51.5019
-2.92096 -13.382 -22.1589 1.97815 -6.08681 -9.05448 -7.81511 -6.34003 -4.40044 -14.791 -0.823097 2.13058 50.523
-1.0755 -10.9424 -25.0262 0.813614 -1.86804 -8.32322 -10.8027 -5.48953 0.0846576 -13.5908 -5.12876 3.52593 49.0955
-0.76284 -9.6216 -25.4459 -1.8013 0.835935 -8.39717 -9.10306 -7.18362 3.98406 -11.6865 -6.08781 -2.71273 48.0265
0.19019 -8.20802 -23.3674 -5.40603 2.68062 -7.56356 -6.26847 -5.46796 -0.823189 -3.80871 -7.44721 -4.27321 46.7669
0.0269163 -5.83677 -23.6161 -10.672 1.09647 -2.53383 -11.28 -9.48429 -0.372007 -3.48175 -9.61323 -8.91552 45.7893
0.552966 -1.61151 -25.9287 -12.4924 3.29052 -0.0144555 -8.70255 -13.0562 -1.07061 -2.58761 -6.95902 -11.6224 43.9627
-0.158088 -4.44578 -16.0323 -15.6266 -2.2788 3.39865 -9.85625 -12.0815 -3.70871 -6.78817 -3.32247 -12.0132 43.3563
-0.701841 2.18766 -15.8266 -13.5139 -6.07077 1.37756 -11.4382 -13.0501 -3.7544 -6.33962 -6.51745 -12.4106 41.3159
-2.20212 0.440936 -11.9441 -5.29862 -2.28583 1.47062 -10.5379 -17.4811 -6.75136 -2.46656 -0.602199 -10.0661 39.9351
-5.88026 1.04783 -5.32254 -5.3078 -0.736962 1.01712 -5.94336 -20.1928 -13.6692 -9.9195 -5.39379 -3.41887 38.3312
-5.60359 0.131489 -9.17626 4.02488 5.82811 -4.30183 -8.60127 -14.5628 -9.18233 -9.36277 -2.24751 -1.95104 37.4829
-7.34843 -3.21877 -5.52545 2.81579 7.4659 -5.1518 -19.3808 -10.3979 -5.37875 -0.690754 -7.5107 -9.80367 36.8829
-10.0396 -9.09734 -6.28701 5.27834 7.76254 -4.70169 -9.7099 -3.77878 1.00062 -0.796181 -1.2679 -9.15647 37.2376
-9.46106 -11.0966 -13.0762 6.16457 6.14546 -10.3368 -14.1259 3.53608 0.207413 7.35123 -0.869685 2.75241 37.1591
-12.0723 -9.45221 -13.1578 3.87714 7.57136 -6.36686 -14.1582 9.63862 9.53652 0.377077 -5.78067 1.65891 35.9096
-11.6233 -10.0473 -8.02017 5.93142 6.03874 -7.94452 -1.98028 9.32312 6.19705 -2.21799 -7.19743 -0.626936 35.6138
-12.8998 -7.53634 -4.70723 4.60647 3.53589 -2.1432 -1.44393 5.24975 2.61613 4.40576 5.47071 2.19376 33.9629
-17.8702 -5.49353 -2.02161 1.96812 -4.13526 -6.04656 5.51052 0.388074 1.5925 7.94271 4.01141 2.58252 30.8865
-19.0663 -8.36704 -5.4226 1.27593 -7.55168 -10.5558 -8.67212 -6.36747 -6.55138 1.42147 4.77302 -0.0144185 30.2724
-17.4079 -9.41646 -2.57496 -4.43642 -6.72605 -7.33175 2.9102 -6.98324 -2.11148 -0.835782 -3.72749 -0.299343 29.886
-18.2107 -6.75827 -2.87066 3.85529 -4.27122 -9.33459 6.58414 -3.62153 -3.62652 2.97119 -1.79288 -0.337913 29.0986
-17.7401 -7.15265 -1.42925 1.54526 -4.41503 -8.54454 3.02501 -5.53377 -14.4924 -3.11793 -1.60569 4.26453 28.5403
-15.1981 -3.51225 -1.44299 2.47749 0.860362 -2.26686 3.93339 -0.572594 -4.94925 -5.59673 -0.264145 1.34977 32.3212
-16.2351 -5.96705 -1.45221 1.12448 -3.75291 -6.3623 7.64751 -1.13488 -6.75823 -1.13037 0.843103 2.68683 31.677
-17.3682 -7.24284 -3.57897 -2.34257 -5.37012 -8.53041 -1.40798 -4.39111 -8.15048 -4.12885 -3.38069 1.23608 28.8725
-19.7633 -5.61796 -3.12742 1.13104 -4.01416 -7.77845 1.70984 5.20096 -0.885636 4.10744 -4.05453 -8.53896 28.6061
-19.6167 -8.05526 -6.92084 -2.40027 -2.07606 -7.94131 2.08912 5.99994 -4.99396 8.78963 -0.463136 -2.48207 28.6411
-20.4925 -5.27399 -4.75637 2.15262 -1.9092 -11.3028 -2.79639 3.2098 -8.17724 3.98028 3.61698 -2.10933 27.6628
-19.8268 -3.91901 -1.09034 4.01514 -2.71913 -9.34335 2.15566 -4.67083 -9.91987 4.7856 1.88987 7.69505 26.7531
-18.9184 -5.143 -3.26102 -0.213378 -8.89622 -9.02893 -0.633659 -4.71132 -1.10292 4.3183 0.770735 0.126834 28.5948
-19.7245 -6.81814 -4.31631 0.466024 0.142017 -0.715542 9.51921 1.74371 -6.34857 4.57646 0.122819 -4.45791 28.6366
-20.2935 -6.15057 -5.94522 -1.99572 -2.5093 -0.206212 5.87504 -1.32562 -6.2197 -2.00954 1.69854 -2.39174 28.5304
-18.9866 -5.80294 -3.40288 -0.945991 -2.63167 1.60572 8.06478 -6.36389 -10.3585 2.32325 7.04826 4.02369 28.2095
-18.65 -8.31379 -5.76549 -4.28758 -3.01133 -0.53156 8.20452 1.75041 2.21089 7.33412 3.29808 -1.50301 28.9517
-18.6574 -6.99223 -4.52068 -1.50513 -6.15288 -8.60603 1.78455 -3.35037 -3.96053 5.18275 0.354105 1.3557 28.9691
-19.7923 -7.4893 -5.96835 -4.4954 -7.54785 -5.74051 -0.399702 -11.0809 -7.22117 1.36099 1.42571 5.78026 27.6273
-16.9713 -7.04672 -2.21746 0.250366 -3.94076 -8.90648 2.48951 -6.48006 -8.57559 3.26759 3.99815 7.41767 28.9422
-19.1301 -4.31225 -0.912744 3.51006 -4.41635 -5.95409 0.852441 -12.3711 -13.0997 -2.52415 2.18837 1.63914 28.214
-17.6678 -4.27103 -4.96181 -0.457156 -2.73191 -9.23882 0.455385 -4.11119 -4.06877 6.10289 -0.226112 -2.28682 29.0377
-18.0252 -4.7095 -2.53785 -2.49712 -12.1794 -6.04571 4.79712 -6.7821 -2.20452 1.66946 -3.42274 0.410354 29.3586
-18.7134 -6.43451 -3.99365 2.23321 -3.94313 -1.89704 9.44249 -2.18799 -4.90458 6.64428 6.85019 5.02118 28.7547
-17.3142 -5.2254 0.00603714 3.78705 -3.89304 -9.27471 5.13025 -4.33309 -9.66706 2.0985 1.75928 -1.38861 28.6477
-18.0756 -6.62183 -3.20295 -1.15959 -6.75882 -8.40015 1.92811 -4.53499 -4.63279 4.41625 -0.482253 1.59702 29.2628
-18.2086 -6.6747 -5.17098 -4.43638 -6.32617 -0.836316 4.89979 -3.45987 1.8793 5.32079 0.568202 0.961338 28.5003
-19.1683 -7.77508 -6.67614 -2.80986 -3.15932 -7.90262 0.968523 0.633765 -8.75314 4.66424 4.39477 7.90408 28.6867
-21.6325 -4.42837 -2.38999 2.76381 -4.33347 -6.90917 1.72544 2.02025 -4.91625 1.90936 2.37339 -1.26118 27.6532
-20.662 -7.03224 -7.27302 -1.81779 1.79316 2.87665 9.38596 2.97045 -4.73796 3.38482 -0.537286 -4.08423 28.153
-20.3888 -3.99015 -2.50939 2.48771 -3.29447 -3.50556 2.49306 1.06445 -8.03804 -2.06833 1.68095 -6.67132 28.2209
-18.0657 -8.18979 -7.85898 -4.45284 0.281311 2.30483 1.51786 -0.62537 -9.56391 -1.68589 3.07987 -5.77534 28.7299
-17.0742 -7.37253 -4.26758 -2.81972 -4.98505 -6.67631 1.46013 -4.11507 -4.77106 1.3802 0.444582 4.69189 29.246
-20.7893 -3.8649 -0.752504 -0.043577 -11.4368 -11.3365 0.639133 -3.41571 0.0390038 3.5246 0.191186 -1.41904 27.6982
-19.4829 -6.6488 -4.30763 -2.14726 -6.7762 -7.84473 3.35263 1.68931 3.34409 8.04926 3.9127 5.29234 28.3174
-20.1683 -6.37006 -8.04632 -6.20402 -7.76361 2.93038 7.6395 -5.33912 -1.79911 2.06153 7.05191 3.52876 28.2987
-19.4225 -4.64094 -2.04442 -1.03119 -12.5215 -12.0689 3.41566 1.08693 6.80648 4.12432 -4.44284 0.711189 28.2843
-17.3538 -7.01347 -2.33143 -0.687107 -7.66478 -10.2805 -1.00871 -7.91785 -6.87594 1.57576 -3.1967 -0.333809 29.2424
-20.2466 -5.04578 -4.82271 -1.00176 -4.85598 -3.16441 -1.92556 -1.63185 -4.95395 1.34694 1.14683 -2.75403 28.1897
-18.6568 -6.97772 -6.72302 -5.46174 -6.86864 -3.19905 0.979534 -2.79822 0.479538 1.97928 -2.0436 -1.60711 28.79
-19.0461 -5.17237 -2.12277 0.29859 -8.85058 -10.9174 0.237029 -6.45663 -6.21225 0.545376 -4.70214 1.13573 28.5547
-21.9783 -4.53978 -3.45747 0.164455 -4.61733 -2.10262 5.97876 2.80693 0.858918 5.41668 0.229883 -7.2928 27.0895
-21.6907 -7.05809 -6.55315 -1.56049 0.275972 4.16569 9.23877 2.97838 -3.36988 5.43015 4.7189 -2.00174 27.9247
