-9.97031 -2.09598 -0.50881 -12.3013 -9.78744 7.44674 -1.03609 4.9492 -13.9331 -3.68 3.61313 2.73607 74.9466
-10.571 2.31615 -3.49967 -5.61301 -2.13856 -1.22203 -0.915093 -3.43709 -6.94196 -15.9375 -10.9951 -6.3445 38.2255
-10.5394 4.04098 -3.4985 -3.50203 2.85117 -0.610053 1.34514 -5.77346 -11.0027 -11.6085 -14.5683 -8.74785 38.2139
-10.1242 4.20748 -3.83425 -4.30955 -0.94214 0.8197 2.01049 -4.68828 -11.0799 -13.8363 -12.3367 0.137816 38.3644
-9.12072 3.59486 -2.80657 -4.01638 -2.43719 -4.74929 7.2918 -5.86459 -15.782 -6.1703 -14.1108 -7.20687 38.2086
-10.051 3.05984 -3.33587 0.0958373 -0.920289 -5.38253 7.39164 -5.12618 -13.9184 -13.5609 -15.5821 -4.09041 38.2583
-11.5553 3.27354 -5.44352 -4.72953 0.0257492 -4.81266 -3.50797 -3.30642 -10.4308 -14.4169 -13.3333 -9.91564 37.9844
-11.1891 1.48538 -3.73843 -5.11307 -4.85686 -1.3224 -4.14569 -3.71589 -11.3257 -18.5617 -14.4156 -5.22703 38.4489
-9.72016 3.38115 -3.27762 -0.280607 1.47541 2.58998 2.05043 -6.12969 -11.6578 -12.0559 -12.1757 -4.12845 37.699
-9.2217 4.60581 -2.87372 -3.24623 -3.596 0.19214 6.34919 -1.05368 -8.1033 -16.3656 -8.67064 -2.72779 38.4755
-9.87945 6.90721 -5.67177 -4.87763 -2.91139 0.171483 0.315333 -6.27397 -10.5545 -13.2282 -12.0435 -9.30683 37.833
-11.0422 4.20697 -1.73961 -3.96841 -3.20551 1.71635 2.01668 -3.22155 -10.9768 -12.1251 -13.7665 0.650063 38.1791
-9.88427 4.00483 -2.77233 -4.373 -5.43833 -2.60948 3.96458 -4.30083 -5.76568 -20.2855 -13.6445 -4.21014 38.3168
-10.7351 5.92496 -2.1563 -9.10112 -4.65709 -0.991242 4.46944 -9.31708 -8.57172 -9.76255 -12.4124 -5.2702 37.5455
-11.0959 4.48216 0.1215 -1.56338 -4.07531 4.54699 7.91447 -2.27671 -9.48936 -18.4613 -16.784 -0.571889 37.6696
-10.6024 4.65612 -3.69615 -2.71734 -0.940549 -2.4403 4.61441 -0.796003 -10.7456 -18.7359 -17.4313 -4.93155 37.8205
-10.8972 5.75029 -9.18425 -5.87739 -0.443913 4.28024 1.63799 -7.45819 -11.1988 -13.528 -12.3592 -2.86988 37.0413
-10.3945 2.85073 -5.34819 -6.09032 1.01972 -1.39986 -3.68832 -11.1903 -14.5987 -7.67377 -16.4637 -7.10981 37.8484
-10.4467 2.15294 -5.88468 -5.87454 -7.36431 2.28416 0.210336 -8.77367 -8.16973 -9.80819 -17.0956 -10.0694 37.6164
-9.8015 2.14356 -5.45591 -4.87131 -2.26264 -3.84598 -0.599257 -7.53581 -9.04256 -13.5049 -14.3289 -1.06289 37.1662
-10.7818 1.54912 -1.73854 -3.99931 -2.21266 -1.91855 1.25731 -4.99973 -10.0008 -15.8888 -16.7308 -3.98327 37.809
-11.1244 4.30525 -6.41227 -8.92912 -4.54756 -0.59686 -1.10985 -2.6923 -11.4467 -18.8795 -12.4891 -7.37013 37.408
-10.7868 4.60559 -3.00737 -5.60285 -0.539092 0.294373 -0.312778 -4.62748 -11.1063 -19.7539 -11.3946 -3.77147 37.8304
-10.0401 4.99463 -3.5256 -4.65536 -0.684571 -5.19177 6.52937 -1.51914 -11.8556 -16.9245 -16.1892 -1.00926 38.1068
-10.1742 6.02764 -3.88869 -7.65505 -1.59464 1.56603 6.07931 -4.35077 -11.4303 -13.5155 -5.56192 -5.90992 38.1503
-11.6155 4.42935 0.439299 -7.60194 -7.63079 3.09077 4.01291 -5.0662 -7.07133 -19.049 -10.4086 -0.0455757 39.5854
-9.53073 4.3525 -6.88745 -6.61419 -2.95844 -1.56935 -0.835948 -6.27935 -8.2322 -10.8771 -11.1823 -1.88746 37.4812
-9.97959 4.45121 -4.43862 -0.333644 -3.50708 -0.687055 0.667657 -9.76635 -10.8189 -15.47 -16.9624 -5.04173 37.3543
-9.69539 6.21793 -5.33248 -5.50599 0.070888 -1.2123 1.50677 -3.01568 -8.19788 -14.987 -12.7439 -3.33892 37.6973
-9.48758 2.97883 -4.0886 -3.7841 -4.11268 -2.53923 1.50879 -2.33074 -12.2836 -15.7166 -7.58979 -10.2743 37.8491
-10.9843 2.84585 -2.14983 -6.75372 -3.21158 -0.090826 0.505575 0.847278 -13.8849 -21.3806 -11.5674 -8.52266 38.5528
-15.8117 2.85603 -2.82609 -7.29409 0.237494 -6.24672 6.90026 -5.92103 -3.47449 -24.2846 -12.1634 -8.08896 40.5251
-10.6831 5.2602 -5.31285 -6.93613 1.2421 -4.7594 -0.56402 -3.74906 -8.80239 -16.2611 -12.109 -12.183 38.1909
-11.9983 3.29561 -1.38399 -10.4815 0.247748 1.80418 -3.69839 1.43051 -4.22687 -23.3723 -14.2142 -7.83065 38.4517
-11.6307 1.62494 -1.14962 -9.34248 -1.29322 3.69625 -2.81509 -3.15233 -8.52658 -14.7695 -8.39691 -7.88496 39.2351
-10.6813 3.31128 -3.7951 -2.67713 -2.58978 1.07403 -1.56367 -10.3746 -15.059 -12.5891 -12.5918 -3.08177 38.7758
-12.0793 4.94424 -8.49714 -5.20811 -2.74799 4.69454 -1.75416 -11.682 -9.20336 -11.3859 -12.0674 -14.4197 37.8878
-10.6232 4.65391 -3.43121 -2.20227 -2.46261 1.08778 1.31992 -6.12069 -12.7391 -14.8566 -14.3036 -12.8715 37.9791
-10.7543 -1.65908 -3.37109 1.87456 -6.02203 -1.39927 6.02522 -0.986046 -15.6862 -16.8376 -9.49343 -6.00909 40.0214
-10.6141 -6.27424 -1.46909 2.11052 -6.89065 -7.90748 1.90239 0.908675 -16.5176 -17.4096 -7.16771 -5.81956 40.929
-10.7767 3.7536 -0.947255 -1.61026 -1.60578 2.58815 2.26969 -8.24209 -19.0635 -15.0124 -15.2286 -5.3007 37.1125
-11.1032 3.62537 -5.58729 -3.51044 -2.40199 -1.73114 -0.483103 -0.807635 -10.0835 -17.0223 -11.1941 -10.0608 37.8588
-11.2682 4.61755 -3.27761 -3.69873 -2.76264 2.9394 2.13285 -6.03225 -9.53767 -15.6457 -20.3239 -9.05506 37.5311
-10.3272 2.9965 -2.4163 -5.57127 -4.58253 1.6308 -2.15018 -2.26345 -4.90323 -15.6325 -12.9649 -6.2491 38.6309
-9.88577 3.6898 -3.69511 -4.9246 -6.37012 -1.46627 -1.16457 -6.23459 -7.75676 -13.2103 -8.18846 -0.0641071 39.1647
-10.2703 4.37427 -2.49315 -10.8031 -12.4135 -7.50709 -4.26535 -5.25038 -11.3145 -15.5585 -9.91413 0.108914 38.5632
-11.3076 0.863086 -4.07761 -9.10202 -8.25164 -6.21911 -4.4423 -6.49865 -12.3134 -9.38841 -12.0397 -1.40345 38.5432
-8.96848 2.2807 -5.26581 -5.30804 -5.02636 -4.07901 -6.74825 -7.00631 -7.73858 -11.5519 -8.11796 -3.05809 38.5901
-9.76355 2.17896 -5.23238 -9.45484 -4.42001 -6.31379 -2.49708 -12.3901 -9.99572 -16.5671 -14.5883 -1.60773 38.8609
-11.4442 4.86483 -2.49585 -10.2084 -2.79799 -6.56384 -1.73106 -7.41999 -5.46482 -14.8597 -10.2844 -0.866733 38.9397
-11.1184 4.34135 1.14662 -8.37722 -3.53069 1.48811 -0.318205 0.635463 -9.39585 -18.1635 -11.3945 -5.13893 39.3333
-10.9541 0.946579 -1.99759 -7.55834 -0.443388 -7.88484 -0.455335 -6.92338 -4.03907 -15.4952 -17.4574 -2.9875 38.5594
-10.3049 4.17753 -2.77818 -13.7703 -5.64517 -4.00209 -3.87494 -5.27774 2.60477 -9.78452 -13.8706 -5.6949 40.4325
-10.8292 0.605287 -3.73505 -18.5524 -13.3936 -9.39346 -8.55075 3.49738 4.82957 -6.08533 -10.8524 -2.65697 47.7046
-12.8069 -3.55876 0.990727 -16.5863 -16.2927 -22.3696 -5.84791 -8.74806 4.90958 0.346234 -1.83215 -6.15897 52.9761
-14.6578 -12.1552 -5.97291 -19.2299 -19.1229 -6.90212 4.72507 -13.5725 2.58433 4.06191 -2.8373 0.766125 63.6867
-15.8855 -14.7358 -8.55055 -20.6077 -18.1395 -5.62441 -0.0291664 -19.5494 -2.86274 6.39135 -3.16522 1.82776 66.7117
-14.2869 -13.9913 -5.47481 -13.2933 -13.0283 -0.557525 6.48529 -13.3341 -2.52443 10.152 3.84592 4.10501 69.46
-15.8008 -17.6363 -9.77037 -15.5218 -16.316 -4.85572 2.9468 -16.7428 -8.99581 6.80579 2.64126 3.74652 70.4919
-15.852 -17.3494 -7.63657 -12.4192 -13.4777 -3.89434 5.67759 -16.6907 -9.59832 7.46094 6.54999 3.05085 71.4147
-13.907 -15.8736 -10.4125 -10.4347 -13.4159 -3.79605 5.22643 -13.1619 -11.3653 4.67634 11.3651 -0.520182 70.7594
-14.6702 -16.8738 -15.4265 -12.7353 -15.1587 -8.72949 2.09036 -15.3744 -15.6754 3.93597 7.87273 -2.56301 70.0425
-16.2781 -14.8824 -16.2978 -12.4232 -11.9194 -9.40999 5.39311 -10.8718 -13.6124 7.54693 11.1154 3.73478 70.6397
-14.3123 -12.4634 -16.5936 -10.0338 -8.907 -9.93816 5.3826 -9.90964 -12.4756 4.2274 8.05799 4.19623 70.6811
-13.7103 -11.4035 -18.3865 -8.77525 -9.33587 -8.17494 7.00207 -7.7452 -11.3864 5.27833 10.8819 7.24842 70.2297
-13.4677 -12.2394 -20.6738 -9.5236 -11.5568 -11.3029 6.16687 -8.35278 -13.5808 1.29131 9.82465 6.90776 69.2689
-14.7756 -13.7471 -24.0965 -10.9163 -12.2014 -19.0812 4.78815 -8.46213 -18.2328 -2.03009 8.3676 4.73219 69.2625
-13.8069 -13.9194 -21.5297 -10.3969 -12.3098 -13.336 9.3397 -8.14674 -10.2543 0.863498 10.5079 9.8954 69.2062
-11.1382 -12.9866 -23.8817 -7.76484 -11.9139 -12.7538 4.93063 -10.5959 -9.93368 -2.93355 4.10343 6.96607 68.1578
-11.7499 -13.5133 -22.2541 -8.81394 -10.6684 -13.1152 2.60072 -5.50941 -7.65218 -3.45882 4.88418 8.99243 68.8119
-12.6628 -15.1058 -23.3258 -12.3321 -11.2685 -16.2595 4.27987 -8.00637 -5.50006 -5.46282 4.05257 10.1056 68.7573
-13.1323 -13.2036 -22.42 -9.99494 -8.22354 -15.3359 3.92249 -3.98555 -1.71684 -7.42491 2.91181 11.6161 69.7112
-10.9748 -15.3311 -23.445 -9.75575 -8.92693 -15.3849 1.56052 -2.04894 0.330584 -8.94662 1.32504 11.5608 68.2225
-9.11089 -14.2141 -24.4139 -7.02164 -10.2986 -11.2557 -3.56757 1.37371 4.80413 -11.4633 -0.784461 10.06 67.3719
-9.56336 -13.8774 -28.5446 -10.4458 -9.82455 -17.7816 -5.2979 -1.56162 5.40483 -11.8235 -6.99306 5.2074 66.0093
-6.90648 -9.3658 -27.717 -7.85012 -3.84834 -16.9927 -0.484899 -0.497727 9.73454 -8.15569 -4.13597 1.90366 64.7091
-4.8356 -8.59777 -28.5492 -8.25348 -2.31974 -16.4729 -2.89441 -5.86564 12.4785 -7.62427 -7.09362 2.48308 62.9696
-3.5059 -10.3123 -25.2526 -9.45643 -2.70963 -11.7549 -14.2508 -8.54754 9.95488 -6.81749 -5.33104 -8.32831 60.0703
-2.90015 -11.0799 -24.6198 -10.699 -2.35963 -12.4144 -10.7438 -19.857 11.1659 -8.87675 -6.81964 -4.3296 54.8861
-6.51321 -8.21374 -16.7063 -11.7312 -0.324182 -10.4276 -9.74256 -13.7696 -0.678691 -3.89529 -3.57495 -6.69393 48.9283
-10.4693 -5.53372 -11.6131 -18.4897 -1.01711 -4.86753 -8.00784 -8.61493 -5.6 -11.8102 -1.97012 -9.50801 46.5584
-12.1063 -6.64163 -12.0061 -13.2383 -1.34233 -4.00008 -7.3502 -5.52539 -5.17985 -4.54949 5.21684 -4.88871 46.5246
-13.5425 -8.3943 -8.7234 -10.7076 3.44732 -6.77877 -12.254 -4.38245 -1.16757 -9.48462 -2.38522 -5.16067 47.3675
-12.1436 -3.36116 -10.5733 -14.987 6.15199 -2.05176 -3.55547 -6.3613 -5.11588 -12.3725 -7.75813 -8.7443 46.3603
-12.5157 -3.81356 -8.06479 -15.2783 5.56081 1.22805 -5.50361 -1.02349 -0.663418 -13.4747 -10.2172 -8.20678 45.5809
-10.1491 -6.48165 -3.40627 -6.882 1.60408 -6.55945 -17.4087 -4.65074 1.47129 -0.976084 -10.5104 -15.1051 44.2259
-10.5476 -7.72938 -9.94185 -8.69155 3.09529 -4.80702 -9.14704 -2.9933 -6.8511 -5.57126 -7.58518 -10.0941 43.8295
-9.62057 -3.09819 -8.9652 -7.01282 4.03501 -2.36658 -11.7743 1.56216 1.06929 -10.7908 -6.90259 -11.9939 43.6129
-9.59312 -2.56497 -3.81153 -7.37947 4.03662 2.47274 -14.1752 -1.25567 -0.231956 -8.98224 -7.40755 -7.7741 42.6488
-9.78471 -3.13092 -6.6216 -8.42206 7.47714 1.89676 -8.04605 -2.79897 -9.10704 -11.7578 -6.11443 -7.20261 42.3127
-9.21834 -0.347222 -7.50864 -9.22513 2.72917 2.00073 -10.8791 -5.9302 -4.13947 -9.65928 -12.9999 -10.7923 42.9854
-9.72972 -1.88884 -5.83661 -7.03311 0.817556 0.388277 -11.3542 -0.387735 1.21159 -3.06544 -15.2272 -4.51292 41.433
-9.23261 0.926435 -7.68895 -7.47654 1.40037 -5.27804 -10.265 2.43706 -3.95829 -7.07518 -13.9806 -9.69232 41.8325
-9.40881 1.38568 -8.97948 -12.1999 1.78991 1.11755 -9.39371 -3.1543 -7.59756 -3.32274 -4.7145 -10.8939 40.9944
-8.8013 -1.79615 -4.82497 -8.47698 1.08545 -2.58229 -3.47335 3.53525 -10.699 -3.64729 -7.89203 -11.3193 41.8332
-11.6777 1.71403 0.0332131 -4.97197 3.13738 -7.71352 -7.80914 1.71019 -6.41641 -12.0441 -13.1145 -6.9776 41.2389
-12.2981 -2.16851 -4.48632 -7.92472 -4.0914 -6.92669 -5.84843 4.55554 -4.91307 -13.1277 -10.7419 -11.1921 42.2645
-12.668 -0.336885 0.984199 -7.90663 0.773259 -3.15615 -7.92483 -4.20947 -9.76677 -7.83385 -9.55984 -10.5222 41.1879
-10.3781 -2.96074 -2.12953 -6.73992 0.615498 -1.67182 -4.18354 -1.74253 -4.39008 -13.2674 -5.94599 -11.5344 41.6036
-12.1182 -4.2358 -2.48539 -4.90239 -2.57039 -1.05002 -13.0795 -0.503174 -2.98391 -6.50995 -8.21125 -13.3054 41.5737
-10.5963 -0.782712 -5.52852 -5.84432 -4.27939 -1.39577 -9.26061 -4.1336 -4.4295 -15.0423 -8.95658 -8.93848 41.579
-12.2671 -0.54327 -4.14833 -10.15 -3.14042 -4.33239 -5.51772 3.10213 -0.800197 -13.8705 -7.79885 -10.5631 40.9346
-11.3207 0.162993 -0.860424 -4.6464 -1.58155 -5.06642 -4.89727 -1.41609 -8.8719 -15.266 -13.3253 -8.4248 40.6558
-12.0862 -0.450896 -5.15319 -8.74204 5.05445 -3.79643 -8.28092 6.11427 -12.3795 -13.4277 -8.09575 -9.73117 41.6562
-11.8493 -2.04134 -4.01467 -8.67707 -3.26529 -1.41949 -7.85684 -1.19793 -4.51855 -6.16844 -4.53446 -12.4599 41.4187
-11.7723 -1.25896 -6.71383 -9.2588 1.12584 -3.66433 -10.307 -4.1447 -11.545 -8.94184 -9.06276 -12.0252 42.334
-11.1998 -0.639788 -5.81091 -8.41434 -1.39647 -1.78528 -8.11098 1.46592 -5.54008 -10.4625 -12.6802 -6.10372 41.4384
-10.9137 1.76904 -1.69435 -11.8201 2.14136 -2.37853 -7.69632 2.36328 -7.91978 -12.0096 -11.1246 -9.02575 41.0645
-10.4703 1.49776 -3.97575 -14.1604 -6.67661 0.472938 -11.9363 -5.66295 -6.77244 -13.1564 -3.37092 -4.46195 41.192
-12.343 1.05547 -3.919 -7.40155 -2.62424 -1.82943 -3.99453 -1.36804 1.25565 -17.3025 -16.4048 -0.0529915 41.0686
-12.2359 -0.77289 -1.53811 -6.02457 3.61726 -2.37834 -9.72821 -6.03847 -4.31642 -7.6208 -17.9214 -7.79477 41.1994
-11.8576 -3.19674 -5.48704 -15.0457 -3.46783 -0.0559519 -8.04066 -5.17966 -3.15599 -14.2202 -13.5046 -9.80346 40.4503
-10.4338 -2.34324 -1.57345 -8.06761 -1.02687 -3.13941 -5.81578 2.61373 -6.60116 -10.2927 -12.5757 -10.7744 41.0845
-10.4462 0.397696 -2.77974 -10.8482 -1.49415 -1.16247 -4.50451 -0.033499 -4.92852 -11.7785 -5.95474 -9.94142 41.5454
-12.0308 1.9946 -3.0441 -10.2443 0.437999 4.48545 -0.79371 -0.870992 -5.69519 -13.2125 -12.2106 -17.3192 40.0269
-10.7669 2.6377 -2.79033 -10.3049 2.81935 3.7758 -7.14058 -4.87627 -9.57213 -13.3974 -14.7006 -6.97356 41.1012
-12.3754 -2.50663 -4.81402 -9.4947 -2.84524 -1.98424 -8.13586 -0.736676 -12.6283 -14.5859 -8.60716 -10.1371 40.792
-11.6585 1.22541 -4.80172 -9.52407 -5.1808 -5.87517 -9.20804 -0.275442 -8.33892 -11.2927 -6.59052 -6.96559 41.0223
-11.8626 1.37949 -3.69757 -7.0384 -8.25935 -6.21081 -7.75668 -1.85882 -11.7766 -13.3155 -8.15008 -7.12818 40.1919
-12.9614 0.252383 -0.711975 -9.58712 -5.69833 1.17532 -2.47073 -1.79362 -10.3781 -12.8124 -8.98003 -6.26958 40.1256
-11.0409 -0.429859 0.0305882 -7.93696 -2.83404 -0.365341 -2.29719 -3.44185 -8.6866 -19.8484 -10.5328 -4.30923 40.325
-11.8841 -0.0160446 -5.64557 -4.42322 -2.44843 -2.18219 -5.65882 -5.02909 -9.89598 -12.1432 -5.074 -9.72311 40.3543
-10.6351 3.15988 -5.04701 -6.35077 -2.16225 -2.85859 -1.32479 -4.40496 -16.6122 -16.764 -11.849 -9.15439 39.7355
-11.5115 2.72344 -5.50334 -9.08935 -4.17148 -2.83759 -6.41938 0.851248 -10.6593 -16.867 -6.07153 -5.95039 39.7421
-10.8277 -1.88129 -6.44291 -3.66534 -6.09229 -2.74256 -5.65258 -1.28621 -8.8506 -12.665 -17.8215 -3.37019 39.2916
-9.25004 1.57372 -6.01064 -4.75405 -1.939 -5.73897 -3.48697 -8.40245 -11.3157 -11.835 -16.6801 0.821248 39.0989
-10.0555 -0.277696 -4.86186 -6.50077 1.19464 -3.40731 -6.90598 -3.35409 -9.48705 -11.016 -10.0329 -5.58194 38.7814
-10.0631 4.78665 -2.48465 -5.85912 4.68855 0.685517 -3.28814 -5.26338 -7.08861 -16.2341 -21.6168 -5.24294 37.8553
-10.8 0.274234 -2.96613 -2.32716 -3.57541 -1.12727 -0.432326 -5.10104 -8.13139 -17.266 -8.45798 -6.14468 39.6124
-10.0396 2.03536 -5.65262 -8.20024 -0.421046 -1.36342 -5.3817 -4.86456 -2.59184 -9.62681 -9.49226 -10.2596 38.863
-10.0793 1.65358 -7.45952 -5.48741 -6.26752 -7.82086 -1.98005 -7.77639 -11.9419 -19.2453 -10.2985 -4.57331 39.39
-10.4856 3.40436 -7.27355 -10.5661 -3.24244 -7.44204 -3.43522 -3.94491 -10.0242 -9.56956 -8.69725 -6.38122 38.2863
-8.9604 4.58177 -5.87316 -7.33511 -6.86189 -7.00709 1.61457 -1.42018 -13.6783 -14.8305 -7.32608 -3.86605 38.0234
-9.38325 1.18122 -5.89561 -4.59555 -7.0268 -3.79079 -5.12884 -9.4284 -3.32797 -13.0593 -9.3205 -1.69018 38.8186
-10.2161 4.58102 -5.26467 -7.91631 -5.60897 1.63166 2.52882 -9.61226 -9.79504 -9.47708 -2.86265 -6.39556 38.5166
-9.57683 4.52571 -7.21237 -8.22901 -4.62684 0.0856095 -2.37067 -4.01893 -11.5025 -15.2902 -7.2372 -3.24486 39.5311
-10.9808 2.61673 -7.64317 -7.13921 -9.22484 -4.38499 -2.38715 -4.12985 -9.37413 -11.7906 -9.32468 -9.38006 38.7052
