-9.36059 -3.18822 -5.40353 -8.17051 -9.74318 -4.44974 1.58213 0.848995 -8.15625 2.3122 1.87051 2.17598 74.965
-17.724 -5.28077 -4.10023 -9.12536 -11.8651 -6.45037 -8.99031 -0.612768 -10.9482 -8.56312 -9.45006 -1.72925 32.3001
-17.6826 -3.56926 -5.12449 0.228646 -3.36025 -5.93513 -5.83173 -3.76059 -1.09217 -1.45754 4.07134 -1.47161 31.9818
-18.3639 -5.47044 -7.33735 -3.09924 -2.92363 -2.43008 1.12115 -3.55675 -3.08292 -4.3207 -2.92618 -5.30621 32.3944
-17.7322 -3.6111 -5.18681 -6.50669 -2.00833 0.24253 -1.77003 -9.32151 -8.17955 -0.676353 -3.30195 -2.35809 32.3808
-17.6809 -4.56239 -4.49769 -4.06813 1.09862 -3.01827 -2.93217 -4.82701 -6.95684 -2.63192 -9.91207 -6.6976 31.9873
-18.4345 -6.54923 -8.86103 -2.55654 -6.5136 -3.73301 -6.25569 -7.68373 -1.17596 -7.92807 -4.5122 -8.3973 32.3759
-18.5654 -5.7121 -12.312 -8.29733 -9.04317 -4.29036 -3.19696 -2.55071 -4.96335 -3.80717 -4.67333 -7.63417 31.699
-18.0166 -4.97773 -9.67915 -6.19394 -6.52138 -1.50431 -5.6088 -3.84566 -3.83724 -1.19993 2.48949 -1.43155 32.1102
-19.3367 -5.46614 -4.02687 -4.16844 -3.93541 -3.77275 0.534126 -8.22632 -3.61507 -0.766827 1.98711 0.200387 33.2122
-18.3317 -5.03863 -7.82619 -7.12252 -4.06072 0.283916 -1.34072 -6.58694 -3.31154 -2.69707 0.973359 -8.90543 30.9222
-17.6391 -5.16837 -4.11282 -7.13421 -7.51712 -7.83618 -6.7862 -5.79058 -4.26379 0.691953 -6.54923 -6.65208 31.8082
-18.1149 -5.74466 -5.49816 -2.53599 -3.00466 -2.90915 2.72336 -9.16506 -9.21792 -5.94965 -9.83694 -2.90862 31.5676
-18.2758 -6.61026 -6.64388 -4.83575 -9.32753 -9.91774 -6.315 -9.54181 -5.94625 -2.80871 -7.63916 -0.533344 32.5698
-19.0705 -6.10445 -10.4951 -5.08463 -6.05562 -7.66335 -6.00358 -8.78295 -9.41655 -5.97968 -1.9448 -2.97592 32.6941
-19.0435 -4.69333 -8.27582 -8.39942 -3.83151 -0.58133 -6.94855 -9.24496 -5.29703 -2.65988 -1.13392 -5.10719 32.304
-18.2509 -4.76962 -8.66036 -1.22867 -3.40948 -6.23517 2.02111 -9.62653 -9.85551 -2.83446 -1.838 -6.22376 31.9878
-19.313 -5.827 -6.41222 -4.62076 -5.06735 -7.21056 -5.94388 -2.47274 -3.15221 -4.61533 -1.11526 -3.97182 31.6297
-19.2724 -6.80844 -4.97142 -2.64051 -3.71552 -7.45438 -7.3835 -9.75904 -7.85546 -10.0335 -0.266868 -3.46999 31.8544
-17.4745 -6.08195 -6.31085 -5.60016 -5.48527 -7.9002 -4.683 -5.83925 -5.92979 -3.71208 -9.73597 -5.68426 32.2867
-16.6719 -5.55059 -12.6755 -7.92283 -2.21397 -4.70583 -4.91537 -2.92328 -6.51358 -11.113 -2.8135 0.511479 31.9428
-19.0037 -4.89408 -5.24473 -7.2914 -4.70771 -8.20515 -3.82813 -4.27661 -2.24878 -5.17562 -16.5808 -6.53842 33.0233
-18.7008 -6.46431 -5.67715 -8.63324 -10.2292 -4.40561 -1.75331 -8.61981 -9.59428 -5.2678 -7.06415 -7.75276 31.9923
-18.9541 -6.66084 -6.64279 -2.04021 -10.3977 -10.1391 -5.81073 -8.66813 -8.63431 -2.35991 -2.83769 -4.41512 32.0413
-17.683 -3.51868 -6.6776 -2.31742 -4.28103 -3.59739 -6.52603 -6.26105 -1.00116 -3.51484 -2.51848 -6.43029 32.0764
-17.581 -3.08509 -5.96156 -0.917215 -11.5716 -13.1815 -7.25625 -8.70317 1.73533 0.0851313 -7.08639 0.0830016 32.3697
-17.9409 -5.43252 -12.7614 -4.03228 -5.26822 -5.66461 -6.90962 -4.8668 -1.43684 -4.05612 -5.01882 -3.50618 31.8053
-18.4137 -5.99009 -4.05318 -1.05856 -1.80344 -6.85129 -6.13115 -4.13377 -4.36551 -11.4189 -12.6403 -10.359 31.7715
-17.8151 -3.24705 -8.00947 -6.52137 -5.16885 -3.07127 -1.10765 -3.25962 -2.3356 -13.8627 -8.94257 -4.7422 31.3255
-18.6642 -5.27334 -6.15747 -3.09441 -3.24033 -9.2868 -2.05873 -3.81024 0.0391448 -4.13949 -3.58954 -6.62611 32.4155
-18.8393 -4.34934 -8.62452 -3.78952 -2.57142 -6.25326 -11.4901 -2.89699 -9.15572 -16.8102 -7.80237 -3.76712 31.8468
-17.2506 -5.89249 -9.89514 -3.99399 -4.3307 -2.21797 -5.79191 -6.40259 -11.1813 -5.53438 -10.3322 -8.16129 32.9309
-17.6695 -5.58098 -9.04397 -2.16456 -4.62892 -4.74319 -12.2127 -9.59771 -8.30243 -3.57989 -6.54517 -4.44546 32.1625
-15.9413 -4.90956 -13.5952 -3.89018 -4.3871 -5.85845 -4.40214 -6.42792 -1.42654 -7.18217 -0.00244457 -5.70817 32.6667
-17.6994 -4.31074 -6.16197 -8.38159 -6.67542 -3.34874 -9.77708 -8.5373 -7.2276 -4.68583 -9.81187 -7.68895 32.6606
-17.4879 -5.59557 -5.36459 -5.06158 -3.674 -8.12405 -6.52195 -5.72743 -3.1155 -4.25046 -12.0312 -5.7988 31.9089
-20.0862 -6.8507 -5.35283 -3.29554 -0.971603 -4.94959 -7.73887 -5.29407 -0.289477 -6.38359 -13.7228 -12.0733 31.8453
-15.8019 -3.95131 -5.92797 -4.97289 -1.98207 -2.33258 -10.0777 -5.75308 -3.82461 -5.14395 -4.60911 1.38536 33.8984
-6.32679 -8.74345 -12.5096 -10.8233 -12.0551 -15.8384 -22.3727 -10.2905 -4.63397 -6.22539 -5.94875 -2.03929 42.5565
-6.14974 -10.6536 -13.8533 -16.8277 -16.8475 -24.5144 -25.2114 -16.4543 -1.905 -8.50117 -7.66524 -6.25739 48.0444
-6.79725 -11.2437 -10.5585 -13.5753 -9.47884 -20.6144 -19.6044 -10.4866 -0.432096 -10.2763 -9.40937 -9.59012 49.2355
-5.92747 -10.8123 -9.18831 -11.7877 -3.75129 -20.3054 -15.035 -9.83891 1.07347 -12.273 -8.83398 -11.2985 50.1504
-7.35161 -9.46773 -10.6198 -11.0349 -5.27346 -18.2964 -16.5903 -7.13814 -1.92781 -14.4606 -9.96782 -13.967 51.3344
-6.20161 -9.35327 -9.28863 -11.2195 -3.77986 -16.9122 -15.035 -7.64558 -1.41193 -12.5334 -8.64526 -11.8661 52.1864
-5.9182 -10.7517 -11.3282 -13.7769 -7.06566 -19.7925 -20.0573 -8.2737 -5.39749 -16.3417 -10.3061 -13.419 51.5539
-5.67056 -10.1307 -9.96613 -14.0981 -6.32318 -18.1659 -19.3025 -5.54272 -7.31918 -11.6467 -12.7629 -9.06638 52.0175
-6.34009 -11.1381 -5.95074 -17.4398 -4.198 -6.29527 -15.6256 -9.67417 4.89432 -16.2626 -12.1189 -0.548786 55.131
-11.031 -14.4874 -8.42823 -24.2466 -6.05866 1.3422 -8.03526 -22.9932 5.59929 -18.6812 0.354424 3.26704 63.0867
-13.4781 -16.9852 -8.49051 -21.4055 -2.16289 4.77371 -3.92867 -24.8934 1.63993 -13.3256 -0.90869 -0.324483 64.8679
-13.9693 -19.4269 -4.74664 -15.3847 -1.84015 6.38443 0.0394797 -24.2509 -0.509463 -8.01595 -3.86083 4.27294 66.8062
-12.6821 -21.8446 -2.72489 -12.3949 -0.631983 3.80856 3.07498 -20.6029 -2.46367 -3.41911 -4.84517 5.79521 67.7139
-12.4987 -24.1129 -4.49145 -7.46651 -3.19776 -1.04701 4.91439 -17.3794 -8.23967 1.56769 -4.06022 0.995236 67.7728
-14.4068 -24.8034 -8.66955 -3.94137 -5.21216 -5.94938 6.557 -16.2034 -7.89011 -4.68 -2.35088 -4.61402 67.5803
-13.1365 -26.3949 -10.021 -3.99196 -2.82314 -9.33144 6.1953 -10.7992 -6.47304 -9.49002 -4.7501 -4.49171 66.501
-11.1967 -27.5276 -11.4456 -2.89332 -3.55947 -12.1323 3.89065 -7.15833 -6.12296 -13.2092 -2.90769 -5.38931 65.6223
-10.3362 -27.4476 -12.1592 -0.602375 -1.4844 -10.7513 1.77107 -5.05637 -4.23343 -13.7339 -0.057033 -3.33245 65.8999
-10.759 -24.8632 -17.6466 4.2831 -0.153957 -7.09797 1.02462 -3.74437 1.59609 -14.8035 0.543932 -1.59269 65.5637
-9.62565 -25.3627 -18.6371 2.50048 3.12657 -9.72154 -2.4557 -1.46764 1.89389 -15.6921 2.7781 -2.38013 65.1353
-9.19672 -22.385 -19.4574 3.88795 3.65969 -8.90407 -0.725606 -4.68841 5.52557 -11.06 0.0261223 1.51853 65.6011
-9.0413 -23.9059 -21.5502 4.48879 0.982201 -7.76377 -3.78366 -7.36785 3.25604 -8.31838 -0.422534 0.617674 64.428
-9.44128 -21.8034 -22.3451 3.42333 4.04847 -7.09335 -1.02378 -11.5626 7.64085 -7.51898 2.85872 -4.02605 64.1069
-8.81268 -21.3513 -25.9997 3.15849 2.07436 -5.7684 -0.887486 -11.5505 9.25743 -5.19001 3.2534 -2.53124 63.0055
-8.15398 -21.7817 -26.8 2.51041 1.03912 -3.83257 -0.599539 -11.4317 9.12766 -1.32844 0.963899 -2.25209 62.5787
-7.50625 -20.6721 -28.3264 -0.0559315 0.863663 -1.66159 -8.15483 -9.65561 4.44088 -4.58426 4.17876 -11.4636 61.8759
-6.15212 -18.3742 -25.3318 1.31838 5.39991 3.66051 -2.02377 -8.38655 11.5151 -0.437052 4.13601 -5.70971 62.3828
-7.27827 -19.3593 -26.8012 -4.69528 5.23149 0.86396 -4.11881 -10.747 9.72142 -1.11794 1.17159 -6.17427 61.4352
-6.62509 -21.3507 -29.271 -6.32684 0.771824 3.31212 -3.7193 -9.98198 8.0927 0.862851 4.48008 -12.2675 59.9022
-4.86397 -17.5642 -28.6892 -5.84231 3.64891 0.722797 0.947542 -11.7002 6.09803 3.74442 6.49747 -9.8623 59.5089
-4.28286 -16.0477 -27.9073 -7.70937 2.20131 4.90495 1.92824 -13.2456 8.42273 0.847537 11.4679 -6.79014 58.3647
-5.42748 -15.0349 -30.8149 -10.3042 -1.01809 0.794862 2.89471 -14.6513 3.51065 5.76541 10.2411 -3.69338 56.8387
-3.294 -12.2983 -27.2358 -11.2198 2.19293 3.69545 1.01412 -10.0897 1.91676 2.87295 14.3833 -6.54972 56.7192
-5.46976 -15.4368 -29.2791 -16.1055 1.0375 -3.03514 -5.7511 -11.4056 -0.572598 -0.509847 13.8631 -6.20533 55.7994
-3.71621 -16.1239 -26.9772 -16.7386 0.2438 -3.05822 -3.84754 -13.7164 1.06427 0.0244623 12.4968 -3.63611 55.0329
-4.52875 -14.189 -26.5829 -10.6751 -0.776872 1.05028 -4.74508 -10.076 -0.513314 9.51056 8.6938 2.63878 55.9602
-4.34725 -15.6708 -26.7095 -13.6356 -1.1951 -0.906419 -1.99528 -13.895 0.947854 10.3107 14.634 -2.69254 54.8905
-2.72499 -14.4368 -24.893 -10.5483 4.24974 -2.5968 -4.03984 -10.9271 -1.01453 10.5893 8.58854 -0.372435 54.9746
-4.19016 -14.305 -28.9057 -13.473 3.12507 -4.57473 -11.0507 -15.1933 -2.04039 5.36137 8.21808 -1.57316 53.5712
-2.19133 -13.1987 -25.2835 -8.20276 4.78993 -2.04349 -10.904 -14.3761 4.84 -1.3554 5.27193 -1.28444 51.7153
-3.91023 -15.2514 -27.1627 -6.53904 9.77175 -14.1087 -9.37661 -10.8569 1.8053 -3.18884 -0.264693 -1.88674 48.0931
-6.86277 -18.5804 -20.2771 -3.18491 2.87835 -14.9202 -13.2349 -10.7746 9.16128 -6.19319 1.4705 7.15966 46.9182
-10.3132 -19.9926 -23.7713 -0.969455 10.7694 -11.1185 -10.1588 -6.61871 0.449989 -14.9707 -2.92467 7.76361 46.6403
-11.404 -18.529 -19.4988 -2.13815 4.75018 -12.8718 -7.25638 -3.61203 -2.93014 -20.435 -1.58964 2.73851 45.8922
-14.0301 -23.1754 -19.5568 4.01725 5.73453 -10.922 -2.12638 -4.24336 -3.44419 -3.95646 5.44873 4.54071 44.8922
-13.6092 -20.944 -24.4804 -0.317629 3.57758 -7.12525 0.372614 -5.70587 -5.27647 -7.95241 13.9199 0.781376 44.3586
-14.0109 -20.7705 -20.1381 -4.7718 4.26847 -8.44219 3.87354 -7.35098 0.621717 -6.98024 6.1562 -9.90356 43.9071
-13.8091 -21.2839 -16.1025 -2.8418 -0.103273 -8.71904 -0.504364 -9.82406 -5.33861 -8.55689 5.77864 -2.18284 42.7229
-15.0096 -20.8885 -16.8111 0.91055 1.71859 -12.7867 0.0999845 -1.9962 -0.487078 1.06482 8.15199 -10.2954 43.9008
-12.7287 -17.3691 -17.4314 1.98404 0.185057 -9.07446 2.19559 -0.955502 4.63239 6.57787 11.1406 -14.6843 43.6161
-12.274 -17.5397 -13.7377 -5.56189 -3.02723 -3.8708 5.61433 -0.54719 0.428483 0.463933 12.6568 -5.24696 43.7104
-14.5592 -23.4283 -14.968 -1.15089 -3.16331 -12.7124 -4.21547 -7.40545 -7.41503 -6.56074 3.44783 -6.5313 42.2467
-16.7667 -17.5679 -13.8847 -2.82337 -6.34592 -10.1656 -1.54971 -3.94513 9.5884 -3.15472 0.405671 -5.19781 40.1194
-15.4106 -18.0787 -14.5728 2.92634 1.41628 -6.67696 -1.63553 1.23115 0.966131 -2.38841 1.56098 -4.91938 40.253
-14.5549 -21.3726 -14.3176 1.56467 4.1244 -6.74192 -1.39122 -5.585 -8.07321 -6.25001 -0.702301 -2.15512 40.2069
-14.4127 -18.1668 -12.4774 2.98539 -4.5962 -7.98642 -2.83266 -3.70503 -2.2173 -2.42103 0.0175592 -1.50395 39.37
-13.6261 -15.4455 -10.0527 0.862385 -7.20221 -9.88445 4.58986 -9.30079 -11.5283 2.31938 -2.74342 -9.95864 38.9946
-14.9842 -15.1096 -9.20179 -5.47812 -11.4711 -14.7397 -2.81309 -8.83384 -11.7785 1.51356 1.45005 -5.91218 36.9961
-16.5057 -12.4012 -6.1521 -1.54576 -3.39664 -7.25519 6.81484 -8.35535 -11.4614 0.0131263 -0.521685 -4.57311 36.7947
-16.0345 -11.0055 -10.5401 -3.37965 -5.33602 -1.38662 3.91378 -8.22213 -10.3896 -8.17797 -2.91772 -7.0958 36.5245
-16.3394 -11.5466 -9.27669 -3.8939 -6.03113 0.794089 2.50734 -7.18536 -10.7242 -5.80763 -10.301 -4.60737 35.2572
-15.891 -9.59238 -9.12171 -3.02115 -5.96245 -4.89586 -0.538138 -8.83042 -2.11816 -1.10312 -6.22318 -3.36701 34.2379
-16.7499 -8.08233 -8.13722 -4.83114 -8.18473 -3.79133 1.8845 -5.43819 -5.45632 -2.50824 0.969777 -3.48146 34.2719
-17.2426 -6.54706 -6.17075 0.554884 -10.0039 -17.0151 -7.18398 -9.3963 -2.75863 3.73414 -4.75819 -5.49963 34.0591
-18.1295 -8.32498 -5.18135 -3.09398 -9.7555 -14.2122 1.84193 -7.56946 -9.27252 4.51055 -2.94622 -11.576 34.3083
-16.7948 -7.58584 -5.44724 -5.72098 -4.08567 -6.43687 -5.16415 -13.4897 -9.86181 1.6385 -4.12296 -4.49424 34.3921
-17.0254 -3.87226 -3.63741 -2.87172 -4.02297 1.67527 3.98178 -8.92804 -9.43593 -2.07118 -1.75369 -3.60619 32.3474
-17.9654 -6.33151 -5.86338 -4.30226 -9.53652 -2.01195 -2.38463 -7.4655 -5.97661 -8.02505 -5.83508 -6.85762 32.5694
-17.3273 -4.07892 -4.3553 -4.87574 -11.958 -10.3804 -4.91438 -9.44303 -6.08751 -5.06306 -6.60663 -0.355761 32.1738
-16.3063 -3.45406 -6.02778 -11.659 -8.92279 -7.85633 -6.86513 -3.0211 -6.19446 -2.48568 -5.03545 -1.10184 33.5177
-17.2383 -4.86034 -8.48149 -6.95316 -4.6463 -7.93036 -7.10688 -15.2304 -13.1094 -0.85731 2.63129 -2.92185 33.4219
-19.8017 -10.2113 -5.29233 -4.6196 -6.21932 -10.5061 -8.50641 -9.20361 -7.49021 0.882527 -4.58246 -4.59657 32.3883
-16.7527 -5.95763 -7.19046 -0.794312 -5.19134 -6.16154 -0.721783 -9.32157 -4.5584 -4.35983 -4.93244 -8.12993 32.742
-17.1447 -7.93727 -12.9393 -5.94472 -7.85008 -4.63541 -1.03907 -9.1873 -4.83188 -7.44617 -4.43213 -4.40792 32.7769
-17.3446 -4.12953 -7.58078 -7.72509 -4.43231 -7.82894 -5.65583 -15.3308 -5.74417 -5.51789 -7.33628 1.33651 32.1934
-16.1725 -4.09491 -11.7204 -3.98564 -4.70236 -0.147093 -8.26287 -4.85284 -3.20425 -9.58309 -2.85167 -3.88786 31.5562
-17.9475 -3.90455 -5.31054 -3.1492 -6.13782 0.207767 -1.89861 -1.44959 -8.73965 -16.4587 -6.27552 -1.61911 31.8699
-18.1037 -3.29282 -5.434 -7.97407 -10.4166 -1.8545 -10.2846 0.195039 -6.37952 -10.1412 -8.41559 -3.88835 30.9339
-19.1961 -5.44166 -7.30874 -7.3277 -7.54791 -6.61772 -11.9062 -7.78072 -3.11976 -7.60227 -7.86197 -3.63906 31.7868
-18.1889 -4.29474 -8.42553 -7.37632 -9.84812 -9.59911 -4.15644 -0.661002 -11.0586 -0.419358 -3.88725 -9.15839 31.9098
-20.554 -7.30157 -8.04671 -12.7669 -4.9765 3.23556 -8.95265 -5.48731 -6.22101 -6.61332 -0.474227 -5.36687 30.996
-19.7148 -6.09023 -3.58812 -1.19748 -5.6658 -9.72589 -3.5239 -8.51176 -13.9338 -8.70511 -14.6133 -1.47262 30.9564
-18.8235 -4.59244 -4.10719 -1.2515 -6.61069 -11.1894 -4.22422 -5.06743 -6.18533 -2.04494 -11.7475 -1.3441 29.6278
-18.7675 -5.84337 -7.732 0.779242 -0.97607 -3.64891 -3.09379 -9.14044 -3.8631 -3.56592 -4.76511 -6.2289 31.7149
-18.5868 -5.34067 -9.21249 -6.71942 -2.27686 -7.55151 -11.2464 -6.40505 -8.44753 -11.9975 -2.1159 1.6665 31.5768
-20.3487 -6.24696 -4.30905 -3.41975 -3.86052 -9.54265 -5.82684 -6.32692 -3.17361 -4.21161 -8.65342 -5.25808 30.4586
-19.4837 -3.91407 -5.683 -6.35894 -5.84729 -3.79722 3.05325 -5.56503 -10.7956 -6.07948 -3.51776 -3.60859 30.3559
-19.1744 -2.18162 -1.14661 -2.9044 -1.47761 -0.534318 -6.56743 -2.28114 -5.16104 -8.77728 -10.5821 -4.28134 30.5746
-17.7674 -3.35799 -6.34949 -3.89284 -6.81856 -10.0339 -2.58862 -3.21507 -7.01535 -13.6438 -10.4837 -0.495627 31.2045
-19.7148 -5.93461 -10.3821 -6.84841 -6.43594 -7.12577 -5.32543 -7.92444 -1.22999 -8.46969 -5.89376 -9.03139 31.7421
-20.1114 -8.63868 -6.96719 -7.31148 0.825321 -1.41797 -6.61638 -11.9656 -9.83032 -12.3856 -1.57328 -5.80952 31.2809
-19.7475 -5.52004 -8.0398 -2.85503 3.59677 3.44003 -7.83676 -16.3143 -12.7714 -10.4338 -7.55491 -5.54025 31.2853
-22.3782 -9.17299 -6.86457 -3.08475 0.606784 2.06307 1.432 -9.46964 -7.27726 -9.2246 -6.45336 -4.32104 30.6441
-18.867 -5.06628 -6.81081 -0.687442 -4.27961 -7.15636 -1.56936 -6.56759 -0.470953 4.09999 -12.342 -5.31766 31.0569
-18.095 -2.9363 -1.91137 -6.40067 -6.02764 -3.52637 -4.39903 -8.51048 -4.40709 -0.639499 -5.84076 -3.11613 31.6887
-18.7927 -3.72546 -8.22034 -0.218853 -8.52892 -11.646 -6.32905 -10.2741 -2.46521 -2.0406 -7.30049 -0.959676 30.1371
-17.7322 -4.1757 -10.7398 2.10994 -6.35423 -12.3509 -5.55772 -4.83441 1.90038 -5.64838 -2.2971 3.32732 31.4664
-17.0554 -2.39781 -6.54452 -6.91501 -6.52256 -10.2629 -0.764564 -4.00595 -9.85103 1.14348 -4.4167 -8.13606 31.3994
-19.0075 -6.09628 -7.99239 -1.71604 -5.21826 -9.06317 0.913195 -8.64659 -8.80897 3.94742 -2.05367 -0.427171 31.7878
-18.221 -4.74944 -7.17718 -3.01997 -5.00597 -7.28636 -0.341789 -8.41257 -10.1735 0.488576 -8.69616 -4.97732 31.9784
