-11.4721 -2.66857 -9.54229 -10.414 -3.73205 5.99113 0.186223 -11.4913 7.30817 6.89347 0.202258 5.88381 74.2521
-21.5086 -6.76351 -4.42572 -0.407075 -0.293689 -2.80366 -1.87359 1.85076 4.13895 3.12918 5.10173 -0.690614 32.1113
-15.6495 -0.664033 -2.39457 -0.999387 -3.18998 -0.458878 -2.12168 2.95822 2.68988 -2.51354 -1.77322 4.12704 34.012
-13.3029 -0.0676773 -2.21172 0.36645 -5.25555 -2.83118 4.77019 2.16937 1.90956 3.61728 1.63127 -1.41299 35.2641
-15.0524 -2.27274 -3.25942 -2.25048 -4.71783 -0.865294 1.45226 3.12834 -2.2072 0.835898 8.41185 -0.571139 33.8955
-16.7966 -1.05189 -0.861021 -1.46771 -6.28664 -2.01474 7.32504 7.81308 0.577037 -2.67389 2.49721 1.22999 32.9823
-17.5726 -3.46826 2.83675 5.9666 -7.12946 -5.47616 -1.56446 2.14772 3.92584 6.87757 3.92493 1.1933 33.4013
-16.6337 -0.336644 0.466503 0.22158 -9.54902 -3.23079 10.7177 0.978088 3.09587 5.0135 -2.83844 -3.80168 33.3311
-15.4197 -2.01726 -2.44115 2.33254 -4.95774 -2.4295 6.32045 -0.209888 1.8848 1.3269 -0.102042 0.561145 33.6627
-17.1264 -1.8003 -2.44016 -0.643691 -0.467689 -3.99313 -1.02932 1.13472 -5.03591 -0.193096 5.84332 2.76268 32.941
-15.4906 -2.58592 -3.53803 2.02492 -2.97432 -3.69463 1.79148 -1.34364 -0.907943 2.8393 3.44904 4.39129 34.1356
-17.0198 -3.76661 -4.0401 6.68179 -2.2217 -1.86218 2.96623 -5.34888 -3.27025 3.82891 1.59381 6.64248 33.4558
-14.0059 -3.14018 -6.18353 1.4624 -8.72002 1.14294 4.40195 -8.6842 -5.39743 -5.32104 4.5018 3.78914 34.7476
-14.6449 -3.49132 -3.53242 0.010854 -6.89097 -3.02862 0.0451891 1.7499 2.4434 6.14826 6.66654 -2.70223 33.3106
-15.7752 -1.89114 -0.238284 -0.317497 -4.24263 -0.325484 0.921367 3.33488 -3.33903 0.309357 0.523066 0.523297 33.4637
-17.6121 -0.824548 -2.37005 4.9112 1.7721 -3.09963 4.29536 -3.49519 -5.23304 1.54079 6.20121 7.34679 32.3192
-14.4963 -1.04479 -2.45857 3.44975 -3.87832 -2.36957 1.21773 -2.56534 -3.29064 0.480447 4.8068 5.74593 33.4438
-15.7212 -1.0591 -1.46002 -1.82916 -5.6987 -2.49278 2.67061 4.21562 4.13365 -2.51395 5.86405 1.98353 33.7617
-16.1125 -2.59008 -2.39489 2.21373 -4.29548 -2.32178 6.19821 1.17829 1.93259 3.63456 11.3814 -3.81802 33.2872
-16.8359 -4.33208 -6.59761 5.23922 -0.945411 -1.60304 4.68404 4.17718 -1.29055 10.7227 13.4331 0.956225 31.9266
-15.3568 -2.33244 -5.87435 -3.59654 -2.56395 -1.91291 1.75399 2.80935 4.78899 2.08577 0.88871 -0.986573 33.3863
-16.1605 -2.58837 -4.62274 1.56847 2.79681 -3.39668 1.28262 -0.633487 6.24388 3.05548 0.904375 -0.374807 32.9086
-16.1095 -2.99924 -4.25815 2.14331 -3.5938 -6.44058 -1.33422 -1.19757 0.759869 0.683416 3.93573 9.53074 33.638
-16.2652 -1.29573 -0.729476 4.66643 -2.97525 -5.96194 1.4023 3.05388 2.57509 -3.65203 12.4155 -1.81233 33.0772
-15.1271 -1.5961 -2.65593 -1.42406 -4.5469 -5.1476 4.42818 2.65956 6.74005 9.01023 7.83007 -3.19722 32.8508
-15.783 -0.286085 -4.00386 -2.47118 -6.57062 -2.92877 5.78068 -1.16253 -0.964598 7.09968 9.68995 -0.609747 33.2045
-14.4327 -1.40815 -4.97402 1.88531 -2.38428 -0.655919 1.9972 -0.28205 0.801887 3.81565 4.12438 -2.1307 33.8506
-15.786 -5.89828 -3.51939 1.30914 -4.70931 -0.663979 3.48085 6.15943 2.57934 8.20793 7.98441 -1.60525 33.3883
-16.1461 -0.990769 -0.386704 0.278908 -1.59765 1.2754 4.4201 3.03468 -6.5874 -0.648119 3.399 -0.220224 33.0501
-16.7716 -1.99157 -2.04873 3.07336 -1.35539 -0.296968 3.7668 7.75423 -2.84854 2.51876 2.90199 -4.42202 32.4369
-16.8863 -1.60881 -4.00843 -0.559607 -4.42028 -5.23933 -1.11137 6.00574 8.44066 8.0542 3.26504 0.332106 32.0496
-17.5902 -1.8807 -4.31402 -2.40221 -0.47613 -0.505486 6.02502 4.3308 3.70591 -0.823895 -1.54251 0.635808 32.9196
-16.7083 -3.23235 0.921497 -0.592345 -0.858363 -2.85083 0.326939 0.0424524 2.5857 3.30426 6.32262 0.915976 33.275
-15.3115 -2.06443 -0.0958763 2.0538 -1.01079 0.540896 -2.35765 -1.23823 -2.46848 5.64014 6.8164 3.97694 33.4108
-13.3788 -1.57683 -2.20794 -2.79004 -2.27962 -0.727398 1.3051 2.55711 -6.91154 -0.407574 7.2974 5.58695 33.8023
-15.5746 -2.84344 -1.90496 -1.90539 -4.66859 -2.16087 6.58588 -1.27178 -1.28445 -0.538555 9.29112 2.69592 33.6803
-15.9999 -1.31988 -1.29467 -1.12169 -4.18907 -4.14702 6.13324 11.7813 2.02861 2.10664 0.706144 -4.1941 33.1746
-16.2603 -2.47172 -1.68949 3.29808 -1.923 -3.63875 1.02368 -5.66921 2.06712 5.46075 2.00633 2.26369 33.1641
-15.5533 -0.100792 -0.793429 -2.56691 -7.60855 -1.02742 0.153926 -6.73148 0.0343011 10.7264 7.24522 3.77083 32.6125
-14.6075 0.932576 -2.33265 -1.71534 -3.63317 -2.21097 2.37564 2.01501 -3.40135 -1.89602 6.18089 2.43727 32.3184
-14.925 -1.3314 -4.71075 -1.99718 -0.849114 -3.70607 2.5453 12.9309 5.369 5.49894 4.32188 -0.896209 32.9451
-11.9954 -0.531541 -5.89925 -6.33116 -4.41892 -2.67355 2.48682 -0.605032 1.28691 0.452786 -1.26679 -5.67631 35.7631
-6.60872 3.92832 -12.1925 -16.2554 -14.31 -12.3318 -0.828873 -12.681 -2.90986 0.19662 -0.0934418 0.963647 39.6337
-8.78283 5.68584 -3.06066 -12.4459 -15.5108 -17.1334 -7.95383 -6.19441 -5.61579 -0.89009 5.42368 -2.34844 37.8922
-11.0377 1.40295 -5.88654 -2.58964 -6.46861 -6.02719 -5.80276 -7.45848 -6.6918 4.96051 3.37595 -4.67677 35.3398
-11.5816 1.89303 -2.14568 -3.48579 -11.1129 -6.83378 3.24508 2.13327 -5.50557 -3.09883 2.80894 -0.177046 35.2126
-7.98178 1.4533 -10.7755 -19.0567 -13.384 -14.2252 0.488305 -0.795018 -2.23037 -2.69456 5.93566 -1.63842 42.8038
-6.57163 3.28245 -14.2708 -21.2078 -9.95354 -19.2823 -6.21773 -4.81978 -0.726741 -2.14198 5.9909 3.7706 44.5713
-7.04993 2.85047 -14.1563 -20.5297 -6.17843 -23.5356 -6.50329 -2.3052 3.26576 0.886652 2.03947 -4.16753 45.3688
-6.89571 3.02774 -12.1818 -20.2155 -3.14176 -21.5924 -2.10218 -1.81108 5.08823 3.44193 1.4193 -4.1198 46.394
-7.62843 4.13472 -12.9663 -20.7569 -0.804856 -20.7257 -1.81361 0.222995 6.66083 2.23764 -0.498656 -3.99926 47.0121
-7.6743 3.94316 -14.0025 -19.3317 -4.154 -23.5157 -0.40322 1.06385 2.68717 1.26574 -0.350228 -5.79268 48.7835
-7.90452 3.05815 -15.594 -21.8764 -5.08278 -21.8953 -2.44973 -5.82365 2.42069 5.99226 -7.24718 -10.5547 49.4966
-8.08049 3.37135 -16.583 -22.5301 -2.73872 -23.0758 -4.8984 -2.77871 5.36665 0.916865 -6.48519 -6.2036 50.3799
-6.54013 5.08588 -17.0733 -22.5701 1.15492 -20.29 -5.70159 -0.759328 3.63327 2.91855 -7.96873 -7.49246 50.8902
-7.20067 4.75789 -16.4515 -23.2512 -0.957572 -19.0187 -6.79055 0.0756884 3.91349 -0.832228 -9.07779 -6.16599 51.3737
-9.82909 7.4448 -19.941 -22.864 -3.67451 -18.7325 -7.49252 -2.66792 3.66555 -6.00869 -8.17272 -12.6898 52.4124
-12.407 7.53277 -20.364 -21.036 -6.44386 -23.8435 -4.55155 -2.21969 2.06452 -9.77927 -11.38 -16.4545 53.7061
-12.9077 10.1628 -17.522 -20.6331 -4.67713 -19.9258 -7.63932 5.08443 5.99632 -17.8598 -4.73721 -13.0069 54.7272
-14.1231 9.62835 -15.0042 -18.3055 -6.13674 -14.4764 -2.4438 2.67219 6.03382 -15.0762 -1.54029 -12.7772 56.3894
-17.6026 -4.58048 -9.28871 -26.0652 -6.0641 -8.55153 7.00099 -3.08743 -7.33033 -9.68262 1.75945 -17.7212 63.9497
-16.359 -7.72711 -13.5551 -24.9737 1.60588 -0.594774 10.8823 -6.93832 -8.51198 0.950432 6.49954 -10.5615 69.929
-16.9083 -10.2486 -14.5536 -25.5948 12.1345 1.19292 2.28364 -9.70972 -3.44523 5.09314 3.24637 -9.23567 69.638
-16.8633 -11.4843 -12.5207 -26.6206 12.3345 0.17438 1.23543 -13.1899 -2.50848 2.55418 10.3047 -19.072 70.382
-16.7533 -10.8732 -13.206 -21.6548 14.0735 2.11389 -4.45283 -7.17129 -0.249487 -0.941687 15.2252 -15.0291 71.284
-19.6583 -15.7139 -17.6175 -21.4819 4.1862 -4.38128 -20.1282 -9.90231 -1.69954 -9.2617 8.16075 -14.5248 71.0551
-17.3387 -11.283 -11.5229 -11.3124 10.1057 2.39363 -16.8012 -2.84394 11.3814 -5.83902 12.9258 -7.84742 72.4067
-18.1607 -12.4764 -11.5135 -11.4628 9.46184 1.04352 -17.2229 -7.93365 16.0322 -8.48628 10.1251 -7.31091 72.4763
-19.4313 -13.9517 -13.1672 -13.8723 9.82013 -2.55036 -19.1262 -13.0211 16.5446 -9.60424 6.22342 -3.9293 71.8888
-19.9083 -13.0746 -14.5822 -14.3915 10.3368 0.796489 -21.4411 -13.0713 17.2438 -10.5648 0.450343 -3.13668 71.9319
-18.3824 -11.2388 -13.7128 -13.1951 13.0474 5.14057 -18.793 -11.8897 18.0263 -8.92036 -1.01853 0.770437 72.3577
-19.3073 -12.7789 -16.3449 -14.0412 8.97146 6.03258 -21.2081 -18.3747 16.8581 -8.57185 -4.42925 -1.6991 71.5225
-16.6058 -10.89 -14.4725 -11.2778 8.82737 11.0656 -18.116 -15.4436 21.1821 -3.8528 -3.90739 0.261514 71.8005
-17.6419 -14.3314 -17.3861 -12.683 5.9976 10.6001 -18.8168 -19.6393 18.1292 -2.5143 -6.43135 -3.03313 70.7204
-17.1752 -14.4341 -16.7688 -11.9415 5.97236 8.33315 -14.0282 -23.5387 17.9577 -0.131745 -4.62119 -1.52891 71.573
-17.5006 -15.2574 -15.9953 -10.2844 8.24497 8.70341 -6.00855 -22.697 19.0345 5.06617 -4.62561 -1.17605 71.8004
-16.8835 -14.1433 -14.3127 -10.0671 8.00535 7.52036 -5.63723 -24.5397 16.9506 5.07193 -4.23991 -0.893182 72.8172
-19.8303 -20.2968 -18.9369 -15.2876 2.70841 -1.10326 -6.48404 -28.5616 9.92339 2.67498 -5.85717 -3.84588 72.0835
-17.1742 -17.335 -12.9354 -10.2382 7.34745 3.66658 1.97449 -22.2827 14.5862 9.42594 0.205719 -0.64904 73.5046
-17.6729 -18.8032 -13.1591 -11.0041 5.33623 4.31606 2.81733 -23.8841 11.8912 9.20292 2.21254 -2.82965 72.9404
-18.0287 -18.5157 -12.8564 -10.6722 2.75215 4.00385 3.51557 -22.2133 8.70253 12.1483 3.02973 -2.43454 73.3493
-17.1647 -17.9747 -10.5516 -9.97927 3.39635 2.88133 5.7933 -20.4128 4.82306 13.1953 4.49146 -3.67106 73.3918
-18.9105 -20.2495 -14.0915 -9.54454 0.0701112 -0.927635 6.42761 -18.2362 1.35678 14.2708 6.00494 -3.75234 72.7483
-15.2977 -16.5201 -9.68249 -3.72357 2.32233 -0.240151 9.70784 -16.3642 -1.10804 15.0029 8.21679 -2.99287 73.5563
-18.331 -21.6716 -15.8379 -6.09205 -0.911894 -7.8292 10.1195 -19.277 -0.371938 15.6175 7.73608 -2.80266 71.9622
-18.3898 -21.3394 -16.5947 -3.33282 0.00461329 -9.0166 10.0668 -17.8361 -3.42786 14.3652 9.13421 -4.91727 71.6293
-16.8281 -19.9443 -13.1753 -1.29871 4.03766 -8.69392 10.6359 -15.1279 -3.86772 11.5117 12.43 -3.72526 71.9509
-16.5794 -21.3648 -12.7104 -3.41339 3.55896 -11.9647 10.418 -16.1158 -3.91482 6.6233 12.9459 -5.20067 71.3034
-16.0969 -21.5374 -14.0375 -1.49441 3.97192 -11.9907 11.6499 -14.3361 -2.99824 6.76404 14.3461 -1.8472 70.4732
-16.3535 -22.0012 -19.4204 -2.83628 -0.271042 -17.2773 9.18655 -13.1611 -2.65829 1.98187 17.3178 -0.371151 69.1698
-12.4662 -20.2621 -14.8476 0.629198 2.30572 -11.7541 9.09491 -10.7818 2.8279 -2.28045 19.2419 4.25717 68.7847
-11.3668 -22.3652 -16.3841 -0.367568 -0.946199 -8.85532 9.58919 -11.7199 4.3619 -5.83961 17.0606 6.15395 67.6126
-10.289 -18.8147 -17.9311 1.41243 2.3 -6.47477 6.48591 -9.50412 -0.297552 -6.73739 15.2018 6.38144 66.7877
-12.9567 -21.0143 -28.1692 -4.27088 -5.3844 -10.0267 3.2181 -11.4785 3.1901 -7.68508 11.0999 14.1973 64.1587
-10.1888 -23.6631 -29.9199 -6.68229 -5.37781 -10.304 -1.59097 -8.50671 0.829671 -9.23105 13.3902 12.8454 61.7706
-7.43946 -18.1182 -25.0604 -2.21342 0.544273 -7.58831 8.71396 -5.76215 3.08648 -7.5935 8.70857 10.1305 61.7265
-6.61226 -20.4054 -27.8811 -6.63754 -4.04015 -6.73272 2.44272 -5.65351 -0.901862 -12.7379 10.2148 9.21321 58.8459
-6.19359 -19.7197 -30.7901 -9.11285 -6.44478 -7.18746 3.24848 -11.1333 2.151 -10.9394 6.39309 3.26714 57.6262
-5.08575 -18.3786 -29.7028 -9.72377 -3.83736 -5.21697 1.50889 -9.77983 3.31929 -10.0292 1.94299 5.06111 57.1192
-5.95393 -20.7667 -29.91 -12.4262 -6.53619 -5.08559 -3.08244 -6.63342 2.04333 -6.78597 0.268125 5.20157 57.3563
-2.67755 -15.838 -25.7894 -9.34388 -1.34033 -0.456502 1.90157 0.0765182 2.39501 -1.17071 -2.82462 2.77834 56.5118
-2.45625 -16.8219 -27.8724 -15.5276 -6.63757 -3.59429 -2.0549 -1.46046 3.06507 -4.17743 1.58415 -2.4904 54.2729
-0.847956 -10.7985 -29.2353 -14.924 -8.79851 -7.78375 -4.24455 -3.85808 1.32364 -6.07204 4.64748 -1.11577 50.4752
-2.6714 -9.48964 -23.791 -9.44615 -8.93352 -5.20962 -8.015 -7.19071 -1.61974 -0.621324 3.68427 1.35315 45.596
-6.49902 -10.4562 -17.9151 -8.8919 -8.95641 -6.92305 1.14792 -2.96092 -2.11914 0.341608 9.67241 3.99171 43.6862
-9.25452 -9.68311 -19.2305 -8.03115 -1.1425 0.611922 0.596576 -1.25016 5.47893 -0.319146 9.34435 -2.41248 41.146
-10.3307 -11.266 -17.6109 -5.2146 -0.0221292 4.16118 -3.42916 -7.1838 -2.20315 1.37551 4.62797 2.30189 40.1216
-10.7875 -10.9294 -16.6747 -8.43705 3.30113 3.70469 -5.09021 -5.09885 1.86063 1.34539 3.53721 0.708065 41.352
-12.2649 -13.3225 -17.4724 -11.4933 4.19501 9.72659 2.40885 0.367225 2.03106 6.29069 6.56556 0.579579 41.7527
-11.0556 -12.3698 -14.4081 -10.3075 1.40643 2.48794 5.10734 -1.17281 -3.25544 5.81281 0.941941 0.197618 41.6101
-17.871 -9.69617 -12.1591 -2.89401 9.27111 2.93322 7.77598 1.6784 2.30541 0.969138 2.10941 -2.87223 41.0618
-14.3895 -9.32994 -14.9678 -13.3695 3.5129 5.13279 3.58142 8.27162 3.26474 1.16095 5.70233 4.10165 43.315
-12.717 -4.72799 -12.6213 -12.1249 -3.37616 0.821047 6.85142 0.627312 7.78321 7.50141 7.79236 2.27939 37.6791
-14.9594 -4.65762 -6.26764 0.467606 -3.3198 -0.0605526 8.26899 -3.0667 -3.56622 -1.71529 10.4221 8.92315 34.9181
-12.5104 -4.2187 -5.32111 -1.87119 -3.02887 0.221441 2.09113 -3.65544 -2.60585 2.00208 5.38165 2.68302 35.4676
-16.2837 -7.81104 -7.64807 0.529886 -0.156303 -1.77744 4.87591 -0.176161 3.11061 5.94643 6.82133 4.70885 34.6545
-14.9334 -4.70066 -4.59597 1.56743 -3.87692 4.61904 8.00836 -0.72564 -0.383937 1.8858 5.3969 2.88028 33.726
-16.0303 -2.4934 -4.70012 -0.872166 -7.55677 4.32809 1.37397 -0.776658 1.50032 1.13584 10.2187 -2.76923 33.2283
-15.8749 -4.57714 -5.93092 -0.965908 -4.01186 1.22998 6.69882 2.9473 -2.00174 1.73912 4.72024 -1.92747 33.7281
-15.8498 -1.48377 -5.6408 0.364093 -0.975746 4.46575 4.59695 -2.21286 -2.84493 -4.54904 2.86893 -5.7217 34.8258
-15.8105 -2.73696 -4.85079 -0.141479 2.20234 0.889477 6.69274 -0.175608 1.82733 2.84972 1.61509 -3.57661 33.8345
-16.2076 -3.34953 -1.05181 -5.06674 -4.52317 3.51252 7.11192 4.26715 1.69252 3.25582 9.67045 7.65454 33.7821
-15.9229 -1.41444 -2.11644 1.05348 -3.34573 -2.37968 3.55176 -1.60504 -1.38657 3.44535 0.886759 -4.00033 34.7724
-15.2546 -2.41626 -3.44368 0.423997 -1.72491 0.143085 10.0091 0.393384 2.40674 3.27455 4.18854 -6.78197 33.8043
-15.7109 -2.96323 -3.24169 -2.16262 -4.63854 -0.455464 7.95721 -1.5589 1.27753 3.8903 3.95462 -0.501075 34.4033
-15.2113 -1.88513 -3.14143 -3.36761 -2.53772 -2.15863 9.31139 -3.47694 -6.74884 1.60595 11.4587 4.3378 34.1534
-14.7965 -0.316817 -1.15013 -1.59975 -2.98059 4.02541 4.89353 0.28431 -4.54662 1.61589 7.32481 0.707853 31.8431
-13.7309 -1.13756 -0.274258 2.61549 -0.763762 -4.33415 0.364152 -5.9813 -13.9029 1.50887 0.148287 0.572622 33.813
-14.9937 -1.03974 -3.66204 -0.332932 -4.91247 -4.59301 -0.628995 -5.22529 0.134163 6.95674 5.22494 -4.2716 33.2423
-15.5689 0.49094 0.414675 0.104524 -11.2614 -3.05967 4.95196 5.66041 0.0761545 3.02026 3.81604 -1.90746 33.321
-14.0219 -1.07696 -6.89718 -1.25949 -2.40563 -0.903499 7.58188 -3.80035 -5.34292 1.69083 4.07797 1.66283 33.2801
-14.2069 -1.10746 -1.39438 2.50572 -0.259061 -2.61552 9.05498 -5.46983 -12.5023 5.80083 7.4572 0.488275 33.1468
-14.5152 -3.02865 -3.16355 -6.83511 -9.01191 -6.11707 5.89046 6.24839 1.66779 2.80428 12.8467 14.0113 33.2349
-14.3624 -3.16238 -3.50557 0.368043 -2.01981 -5.16879 -1.37512 2.05762 -2.62423 7.61604 9.4609 4.69826 33.3201
-15.4777 -3.86403 -1.25242 0.978176 -1.03065 0.0318771 2.44227 2.81758 -1.8768 2.09846 5.68543 1.35623 32.6689
-16.364 -0.958717 1.08738 3.89199 -1.69527 -6.2297 1.51271 -6.18769 -3.47958 7.3631 1.79493 -8.44054 31.9098
-17.5753 -1.67772 -2.12622 2.54108 -1.2725 -6.88295 4.94252 5.45213 2.40657 4.24042 4.01947 -5.64074 32.4243
-14.6608 0.584309 -0.544625 -0.371318 -9.40718 -7.78642 2.22661 -4.7247 2.09321 6.19739 6.23857 -4.83913 33.963
-15.3807 -3.88764 -4.72193 -3.27232 -3.95418 1.79388 8.81785 4.69555 5.0785 3.605 3.12818 -6.96156 32.7582
-15.2404 -3.62933 -4.31308 -1.52098 -1.58192 -1.06239 -0.105684 -4.15342 -9.17231 1.73424 6.00922 9.2646 32.4079
-16.639 -3.32389 0.567467 2.88216 -2.78025 -0.163079 -2.81658 -7.38546 -1.26337 7.67014 12.5994 4.98975 32.2211
-15.518 -3.03121 -3.80634 -0.711791 -3.93119 -1.32507 5.46493 2.76154 -3.44352 -0.677989 10.4038 9.16718 32.8042
-13.866 2.24492 -3.308 -4.30264 -3.04099 -0.75892 -0.129009 4.79563 -1.0686 4.55841 0.6263 -5.75344 31.992
-16.0805 0.302498 -5.24161 -7.88902 -4.51243 3.57661 6.42684 2.04542 -8.30486 7.74783 9.34137 4.63092 33.1901
-15.9439 -2.34359 -3.70607 -1.35933 -5.73134 -4.38653 1.54908 -1.52275 0.94567 4.08976 12.1222 0.702846 33.895
-16.3821 -0.669046 -0.303014 -1.54242 -4.12791 -0.241523 0.542532 -1.1373 -1.93145 12.8295 5.00305 0.76221 32.2288
-15.3044 -0.279749 -2.82302 -2.66937 -3.3303 0.807043 1.34324 1.10958 -0.820516 1.99968 10.2269 3.13927 32.9703
-15.4507 -3.69386 -6.58118 -4.27414 -1.9875 -2.65567 -0.825176 1.96483 3.16383 1.84846 6.69738 4.20488 34.1304
-17.1632 -1.48223 -2.01728 0.686251 -6.28609 0.972437 4.65705 2.00961 1.59996 4.04962 4.12397 4.11331 33.2492
-16.4765 -1.56696 -4.45097 0.886344 0.134764 -3.84258 5.74436 -2.68393 -1.48326 1.34868 15.4817 4.49486 32.4218
-17.2144 -1.08784 0.784018 -1.41155 -4.01648 -3.67556 -2.5791 1.41764 0.874754 7.88085 9.37428 0.363419 33.4919
-15.9816 -2.44105 -1.81324 2.98452 2.15978 -1.99279 0.120396 -0.046593 3.83021 3.30305 4.41089 0.892983 32.6449
-15.7122 -4.36415 -4.10529 -2.34341 -1.24263 -0.0422245 6.36589 1.17344 2.62228 1.42547 4.88623 4.28926 32.2848
-15.3329 1.70763 -1.38884 3.6803 -1.29116 -2.06572 0.083691 -4.15738 1.74493 7.16181 0.73688 -0.544019 31.028
-16.2893 -2.00744 -5.22641 1.69032 2.25211 1.01656 5.97656 -3.85451 -8.26784 0.724089 4.54922 0.551245 33.1563
-16.4729 -1.49172 -3.02276 -4.60561 -5.22618 1.81502 -1.19598 5.41699 -0.405557 2.67737 4.28979 3.83053 33.3949
-15.0852 -1.63283 2.75 4.97379 -4.05434 -4.49634 -0.641156 4.08479 -3.31143 1.22012 1.19376 3.93333 32.1904
-17.5597 -1.76713 0.51905 -1.86449 -1.93296 0.705788 5.22192 4.35494 -1.33021 -1.26305 8.24803 1.17018 31.8451
-16.8206 -1.77448 -3.03734 -3.46924 -2.81374 -2.70632 0.770069 3.37801 1.86309 9.28461 2.03618 -5.046 33.1826
-15.1758 -3.86653 -3.8498 -4.75372 -5.52615 0.787838 6.35194 2.50465 -0.0122274 9.66403 5.24104 7.41846 33.0025
-16.1302 -2.7098 -5.01703 -6.47626 -3.09607 -4.44225 2.76328 8.01956 1.86647 0.0445874 6.43102 4.02766 33.325
