-9.36191 -3.1865 -5.40729 -8.17355 -9.74525 -4.45594 1.58689 0.851761 -8.16184 2.29586 1.87891 2.18337 74.964
-18.1606 -5.94795 -4.05847 -0.364859 -1.9635 -1.48274 12.6554 3.82446 -3.74693 9.49152 5.39154 2.50047 28.0087
-16.1745 -5.6258 -2.07054 -1.98899 -2.67607 1.36982 11.7735 8.9091 3.16909 7.91351 1.89874 2.39869 31.4678
-15.8159 -3.72608 -5.32863 -4.77713 -5.31092 -6.32974 9.33992 2.49194 -5.50008 1.68131 4.13131 -3.34007 31.5434
-17.3911 -2.04006 -1.05114 6.89601 3.25534 3.9713 14.303 0.174552 -10.3317 8.33496 1.04109 -0.534987 29.9716
-16.9295 -1.85499 -2.6309 2.31783 -6.73566 -1.13606 8.70175 1.96001 -10.4642 0.287727 -3.17649 -0.0730906 31.8453
-17.4658 -4.04131 0.477805 3.33867 -3.38982 -1.7762 6.78208 -4.50548 -9.28943 2.05466 1.68534 1.46743 29.6667
-15.9487 -1.56325 -1.15881 -0.116701 -5.25008 -3.1457 13.4173 6.69924 -1.84737 5.9229 3.95898 5.32448 31.9566
-17.8408 -4.36147 -1.24197 3.90301 -9.50016 -6.27738 13.3105 3.84858 -0.760581 2.00345 -2.27368 5.14118 30.0676
-16.7989 -2.86274 -3.27957 0.539991 -2.60841 8.44151 17.655 7.21938 4.79901 2.72273 0.622178 -6.9636 31.3165
-17.4981 -3.26739 -2.73861 -1.06339 -5.93234 -0.837128 15.526 6.05628 2.78648 4.20495 1.93603 1.0478 31.0271
-17.2222 -5.98973 -5.19297 -0.083672 -4.18681 -3.61621 10.8714 3.58804 2.57426 3.10685 -1.7588 1.46324 29.7961
-15.5781 -1.67504 -2.83734 3.19015 -2.21269 2.88374 9.86275 -0.435368 -9.75129 3.21927 3.87129 3.4245 31.8597
-15.9758 -3.36069 -8.21073 -2.23967 -7.12319 -1.77093 10.7125 3.46156 -7.11797 2.41099 -3.18226 0.0193617 31.3997
-16.7132 -1.92653 -0.0264249 -0.00703471 -4.55561 0.597968 12.4575 6.52151 4.62466 6.00528 5.42571 3.77018 31.3487
-15.42 -1.54988 -3.92786 3.62328 -6.79625 -5.77861 11.3848 8.57681 -2.31234 -1.3858 -3.31778 -1.36445 31.9331
-17.2449 -3.20361 -4.26582 0.882868 -3.78952 -2.9896 8.20982 5.22754 -5.63235 0.593392 1.59328 -2.29193 30.9474
-16.979 -4.67914 -5.1827 3.21232 -2.74052 6.40621 19.6053 2.40253 -12.371 -2.46852 2.47757 7.56978 31.9663
-16.7651 -3.13472 -3.05374 -2.64279 -8.13143 -0.929902 7.07138 -0.86451 -10.2697 6.25109 5.71045 1.03695 30.8805
-16.5331 -3.49201 -1.56872 1.13103 -0.553518 -1.68656 10.7986 6.38701 -2.65634 9.53894 7.20474 -2.07707 32.0509
-20.0623 -1.1202 -1.39107 -7.40381 -5.57991 -3.99908 6.88241 -0.494794 -1.45949 0.553119 3.54345 -1.5819 34.5757
-18.7641 -0.255893 -4.26913 -4.21129 -5.9772 -0.849879 10.2029 -0.381402 -9.03517 4.06718 6.72717 -0.322717 32.6858
-9.90357 2.58126 -0.559724 -3.67474 -11.1191 -7.00237 -0.897347 0.802934 -8.38862 0.760297 2.41278 -0.390223 35.3535
-7.20726 4.28612 -3.77451 -6.54265 -14.3815 -10.1319 -5.55453 -7.49372 -7.81186 7.19051 -2.40656 -7.18804 37.431
-5.10133 5.27123 -3.27454 -7.51098 -13.0649 -8.52099 -0.865061 -9.10351 -0.818194 3.32422 0.205381 -2.1833 38.2772
-4.84874 3.37758 -0.356185 -10.2065 -11.7444 -13.1277 -6.03205 -2.37942 -6.35769 -3.25857 3.70835 -0.907026 38.5877
-9.40019 1.0648 -5.80553 -16.1244 -16.5461 -13.7269 1.66274 -3.35722 -4.6958 5.51531 1.33376 -7.69976 48.5359
-4.05786 -4.15388 -10.9434 -13.8014 -14.7056 -10.1459 3.36534 -0.832412 -2.72512 6.32865 -4.80783 -9.03349 50.6913
-3.12152 -12.2926 -12.3504 -14.887 -16.6511 -10.8613 1.65917 1.48544 -4.16753 4.59782 -5.38455 -9.9915 52.0262
-2.79248 -12.0759 -12.457 -13.1893 -16.0242 -6.67689 2.50997 4.1471 -5.1723 0.079875 -4.45354 -12.5039 53.662
-3.65808 -10.7033 -11.2983 -15.7061 -17.0445 -5.42821 6.35598 6.2243 -10.1446 -2.91652 -4.31577 -5.67857 53.8813
-3.98494 -10.5031 -11.9332 -16.1928 -16.3213 -6.00223 6.44173 5.19763 -12.4321 -1.88643 -2.33151 -8.95249 53.5572
-2.64459 -10.3135 -12.7828 -15.609 -13.6461 -5.72424 7.43091 1.59882 -12.0967 1.0199 2.76491 -7.92088 52.8957
-1.83572 -10.1322 -10.972 -15.4951 -12.1176 -3.86453 6.26072 2.88251 -15.3503 1.92364 1.24506 -3.941 53.299
-1.6616 -10.4809 -10.7693 -16.0818 -10.8688 -4.96681 7.10432 3.00138 -14.276 0.794527 2.26036 -0.535063 52.8908
-0.87904 -9.80548 -12.4542 -11.3457 -15.445 -2.09559 9.39341 1.65416 -11.8525 -2.86514 5.52927 0.506961 52.482
-0.334982 -9.99103 -14.2466 -12.5974 -13.1438 -4.43405 6.75021 4.59393 -13.4803 -4.67031 6.33521 -0.62522 51.5837
-0.782123 -7.9041 -17.0692 -13.4209 -9.95361 -5.85408 8.22488 1.77926 -8.57691 -4.88151 4.06874 3.34231 51.4864
0.765485 -6.92181 -19.3471 -13.0214 -7.96489 -6.70645 6.38887 3.36557 -7.75487 -4.66701 5.0587 -1.90427 50.4631
0.138842 -7.03857 -19.6914 -9.88353 -9.1915 -3.61643 2.34601 7.76595 -2.53282 -2.20122 -0.65957 -4.29324 50.732
0.648952 -8.9365 -16.0267 -10.4637 -9.91333 -4.68384 0.378926 8.83697 3.89666 -3.02073 -8.11533 -3.42916 49.9554
0.594784 -9.09007 -16.148 -11.5873 -8.87145 -6.91829 3.74735 9.81853 3.80972 1.2326 -9.20784 -5.34238 49.0041
-0.542672 -6.77193 -16.5851 -12.1715 -10.8152 0.101397 0.981505 5.26346 6.39136 3.78022 -3.22911 -11.3756 47.6007
-1.9122 -9.20691 -14.0168 -13.9079 -7.5352 0.665071 -5.27778 0.3023 5.37399 7.19485 2.48461 -8.39695 43.8407
-6.90531 -5.19077 -11.9758 -14.153 -7.20834 -0.190339 1.10788 -1.66727 2.21116 10.048 6.56987 0.153411 39.5586
-10.676 -4.72275 -11.7949 -13.22 -3.74616 -4.39176 -0.449442 7.87104 -4.42835 -2.16305 3.13928 -3.64642 37.0784
-14.2582 -4.98889 -12.1546 -7.25352 -8.76942 0.61451 8.56862 9.68879 5.89321 4.51379 9.21416 -3.58043 34.273
-14.0345 -5.46433 -6.81146 -2.59699 -6.90296 -9.54507 8.67917 9.76783 6.73072 9.27328 5.49601 -2.08719 33.6224
-15.0705 -6.96822 -8.92872 -5.93255 -7.76503 -5.85662 2.73622 -1.2028 8.61142 5.48686 3.80516 2.19916 32.8941
-13.295 -2.35569 -5.28045 -0.391555 -7.70964 1.10556 7.48281 0.102778 1.53284 5.98118 1.87663 0.971834 33.7958
-16.1589 -6.78966 -9.46709 -1.38818 -0.723356 -2.0529 7.4797 2.67201 1.4612 5.49817 1.13246 3.73395 32.3016
-15.1802 -1.65946 -2.01159 -0.776862 -10.1863 -2.60727 8.20521 9.5106 -0.939062 -0.137582 -3.59305 -5.3561 31.9344
-15.5878 -2.75935 -1.96438 2.60098 -2.29805 1.84307 4.09706 9.90977 3.72545 5.06951 1.50795 -1.2148 33.1996
-18.5219 -7.2173 -9.2376 -4.39213 -7.24808 -3.0988 5.94907 -0.464358 1.45078 4.61142 -1.27577 -4.66409 30.5462
-16.4118 -3.07689 -1.90843 2.0075 -2.04568 0.448331 9.11053 2.36269 -1.72685 6.49805 4.31364 4.30354 31.7462
-14.7923 -3.66494 -6.34421 -2.49264 -7.76542 -0.976382 11.7928 2.98184 -6.88447 -2.12181 -6.35846 0.820304 32.9072
-17.4598 -3.87227 -4.13406 -0.111301 -4.53611 -0.0382177 14.0234 3.99705 -0.448543 7.83378 -0.315709 0.0666607 30.682
-15.688 -3.88303 -5.43687 -0.254211 -2.94664 6.53079 17.1019 5.47069 -2.60714 0.936372 -1.96293 -5.6393 33.1882
-17.283 -5.85751 -5.37065 -4.6912 -6.1006 4.75688 12.5174 -1.79358 -5.38501 3.58053 2.58644 -4.66165 30.9928
-15.1131 -2.39682 -0.21989 1.18817 -3.09973 -2.79793 8.19438 5.61487 -0.587819 0.722115 0.886872 1.11142 32.1055
-15.7254 -2.24274 -4.74668 -4.41347 -8.59156 -4.71031 6.56747 4.17185 -7.80646 -1.312 -3.16963 -3.45183 32.8234
-16.05 -4.9186 -6.58716 -4.32422 1.41346 4.82419 11.0532 5.99637 2.56586 4.85791 -3.26681 -11.4629 32.0319
-15.7649 -5.87399 -1.7569 3.47221 -1.61529 4.64517 13.8348 14.542 0.560093 7.82868 -7.29086 -10.0129 32.6238
-19.7915 -8.96348 -7.17697 -8.13774 -5.54378 -3.54607 13.0629 9.14922 4.24752 7.33006 3.0639 -1.77604 30.8096
-16.0398 -5.06165 -5.7081 -1.97275 0.267573 2.35566 15.1564 6.25398 -0.0546751 6.8016 5.45512 2.37798 32.2168
-17.1449 -3.96997 -2.7928 1.1807 1.64537 -0.771011 3.6671 -2.79101 -9.20869 -4.20971 -1.37188 2.96291 32.1852
-17.3349 -1.75527 -0.144027 1.37011 -2.58784 -0.284409 6.70292 -2.33199 -3.22005 6.95652 3.25621 0.600618 30.2185
-14.111 -3.58035 -3.32992 -2.1098 -7.1151 1.73986 9.19597 5.03381 -0.242985 -5.97059 -0.399214 -0.859601 35.4823
-16.3759 -7.08176 -6.69737 -5.3435 -5.10124 -8.8418 5.55186 6.29484 2.10063 2.67914 0.425085 4.36977 31.2602
-16.6449 -0.575811 -2.81308 3.59185 0.532115 -2.0505 14.1206 9.9481 -2.93622 3.00834 2.31479 2.25778 30.7536
-16.7065 -2.47797 -3.61625 -1.33488 -4.94872 -2.40202 2.53628 0.97742 -2.43079 10.029 6.25887 -0.0472122 31.0886
-16.5385 -1.79696 0.62624 2.47417 -1.55194 -5.44625 6.92141 -2.47715 0.138047 7.21836 2.00012 -2.73438 29.1101
-15.442 -3.7195 0.876154 5.14528 -0.760676 -4.92271 -1.07651 -1.21323 0.216561 4.11876 2.54569 3.19986 32.955
-18.6631 -7.10355 -2.18907 -1.58763 -6.75223 -11.2254 4.79104 -4.32578 -8.20832 11.7457 2.78671 5.32142 28.5305
-15.1819 -2.37517 1.69537 3.99284 -5.46429 -6.01782 7.7723 1.11816 0.820337 7.23747 1.98966 4.1095 32.3001
-13.7205 -0.107481 -1.374 0.0224862 -5.78004 -0.377983 6.97718 -0.671479 -13.4843 -0.606058 0.43484 -4.46664 33.308
-15.6643 -1.15984 3.28351 6.35943 -2.92614 1.23697 9.31054 -8.26399 -14.121 -3.59009 2.41843 3.4403 30.6942
-13.9996 -0.67824 0.968888 3.71001 -2.10341 -0.050796 4.79471 -3.04623 -6.28037 -0.763546 3.36177 2.05993 33.0146
-19.1976 -4.92821 -2.202 -0.125374 -3.68645 -1.39844 9.55142 6.00869 -1.81749 3.38918 -4.60027 -8.44254 30.05
-15.5383 -4.05396 0.289742 5.24845 -7.87862 -4.38599 13.8583 4.78387 3.41004 10.9429 -1.14357 3.44701 32.041
-17.5351 -3.20066 -1.61465 5.51543 -6.51701 -10.0606 5.42192 -5.70996 -4.22395 4.61971 0.258039 -1.8028 31.0609
-16.4115 -2.01977 -2.2469 -2.68842 -5.51718 -2.40068 12.1377 -2.21952 1.50214 3.0458 5.01224 -3.58087 30.7349
-14.7286 -6.50425 -3.58316 3.60648 0.161282 8.95123 7.33946 0.774647 1.71728 8.58868 0.976214 1.332 32.7525
-16.8728 -4.45009 -5.45264 -2.78303 -9.40368 -5.33647 3.80263 -4.09448 -11.689 1.72206 1.54384 -1.71453 30.9947
-14.8 -2.48464 -2.76876 4.15502 -0.355627 -1.48629 4.35039 -3.32215 -0.379102 2.45442 -1.20641 0.295892 32.5963
-18.5753 -6.01087 -7.24455 1.24372 -1.23216 2.87398 11.624 2.39062 -5.0966 0.166989 0.574915 -1.32991 31.2362
-17.5157 -2.39552 -1.29483 0.336367 0.752672 1.67427 13.2667 5.12151 -1.99867 0.669922 -2.28228 -3.67027 30.4054
-15.3138 -1.92081 -0.879433 -4.14986 0.395877 5.05272 9.09192 3.15051 -1.10491 1.73176 1.31289 -5.01701 32.7578
-17.9733 -7.86589 -4.47545 3.05456 0.445852 -1.66273 10.2633 3.57131 -4.42929 3.11545 -5.41623 -8.60396 30.9286
-15.5739 -1.58264 -1.71549 -1.61591 0.506482 1.39667 8.41153 3.46183 -3.45454 4.47318 0.845622 -5.50103 32.9392
-16.5974 -1.32048 -1.79484 -0.470377 -0.868974 1.25489 9.65419 -2.93793 -7.92985 -0.545695 -4.28929 -7.65656 32.2844
-15.683 -1.70203 -6.45994 -0.503053 -4.1979 -9.87375 7.57226 -1.20514 -3.19486 9.54618 4.06612 -0.821757 31.6809
-16.9197 -4.23191 -5.90002 0.600446 -1.53527 -3.60244 2.76037 2.21777 1.47211 11.364 6.59848 2.92398 33.2369
-17.2387 -5.94701 -5.93486 -0.57942 -5.08717 -7.6999 4.40372 2.62987 -3.59795 2.43818 -2.5661 2.90091 31.9409
-14.4158 -1.39887 -0.252209 6.18658 -0.84195 -2.28979 6.93938 -0.138244 -9.58858 -1.00082 0.829851 -2.26152 32.0745
-18.8869 -6.6974 -1.49927 0.374205 -0.682293 -3.51582 4.48469 -6.20624 -2.00216 -1.06736 0.0968783 -3.75073 31.3229
-15.308 -3.94356 -0.876335 -1.70871 -4.21821 -3.20876 11.2464 2.73526 -2.95924 4.65779 -0.574406 -2.23315 31.6088
-14.1385 -1.23325 -1.75244 -0.986386 -6.30897 3.77719 11.2211 -2.68246 -2.99893 7.24773 2.06514 -0.197693 33.2635
-19.1741 -6.4718 -4.01529 0.632685 -5.84737 -7.1194 1.39186 -2.38029 -0.530135 7.32065 -1.73397 0.671493 29.5537
-15.2292 -0.452607 -1.15572 6.23271 -1.22398 3.63059 15.7514 6.4381 -5.67142 6.89458 -1.20095 -2.46244 31.147
-16.3013 -3.52041 -5.4883 4.17454 -0.859872 -6.1868 15.8052 4.16099 -0.934721 1.54396 -8.32576 -6.9702 30.9804
