-9.70922 -2.20983 -7.24617 -6.40588 -0.00674592 -7.17049 2.23502 -2.67269 -2.47074 0.630827 0.181832 -1.22916 39.0607
-15.608 -3.46935 -0.691387 -8.12896 -3.7013 -9.68871 0.230768 -3.3307 -5.20622 -0.00491859 5.25233 -5.30237 46.4849
-10.8911 2.83278 2.91078 -6.76428 -10.5781 -17.7411 -13.2938 -7.78134 -5.44615 0.158871 3.39619 -5.19471 45.9543
-11.2925 1.75222 5.60903 -13.2908 -14.528 -17.3127 -4.81634 -10.6263 -4.82938 -5.06783 -1.42923 -8.88088 49.1615
-10.1096 4.88224 -1.93909 -13.7577 -5.00312 -21.4734 -7.42072 -9.59939 1.04987 -3.07528 2.7993 -5.28574 47.8145
-5.94694 3.9366 -7.50704 -8.65804 -13.5836 -13.3962 -14.1352 -4.19635 1.3757 -7.70453 2.49717 -3.01027 46.8069
-4.03861 2.94865 -8.96993 -7.35836 -9.91958 -17.2444 -12.9374 -6.45267 6.74529 -14.3566 2.04346 -3.27764 46.5323
-4.29788 4.17919 -8.58965 -9.32734 -11.1368 -16.0608 -12.1425 -9.15379 6.55331 -10.8225 0.730828 -4.83793 46.8386
-7.24868 5.88692 -5.63033 -11.9491 -7.97527 -18.6046 -10.5749 0.449411 -0.0929392 -8.84156 4.57283 -9.01028 48.3908
-10.7176 -2.17719 -4.70781 -15.5219 -3.82715 -6.49448 -5.90061 -2.79663 3.29713 -8.59319 0.761095 -2.46409 56.561
-11.5233 -4.55351 -6.65947 -24.8919 -2.10048 -6.43226 -7.74751 -9.01308 -1.95201 -6.16859 -5.24509 -3.84275 60.006
-11.6374 -8.5362 -2.29316 -25.5504 -2.30896 -0.705108 -9.70086 -6.97019 -6.16767 -4.70275 -4.72242 -4.55218 61.8219
-10.6534 -9.72165 -1.64984 -21.1817 -1.69765 3.96938 -7.08826 -6.6813 -3.83328 0.773229 -2.57349 -2.2072 62.8194
-12.3746 -11.8713 -3.22801 -21.1948 -5.85546 0.361547 -6.94452 -13.5674 -10.0644 -2.03459 -6.18594 -4.90461 63.4313
-12.3971 -13.2343 -3.61028 -18.697 -4.78935 -1.17696 -4.8524 -16.2677 -10.3595 0.911905 -6.55998 -8.18121 64.0146
-10.8542 -12.7442 -4.65594 -12.8041 -6.33559 2.53986 -3.37571 -14.2666 -12.8642 4.54895 -4.77402 -6.43021 64.0849
-10.7447 -15.9644 -5.61523 -10.5946 -6.13774 -2.52468 -2.99354 -14.3803 -19.7184 5.61905 -6.46629 -9.28 63.6132
-9.31221 -15.1298 -5.73389 -6.66583 -3.94231 -1.86011 0.581428 -11.5553 -16.8973 6.84518 -1.6085 -7.86374 63.8756
-10.5625 -19.0461 -7.68604 -9.38654 -7.74032 -6.81226 -5.70021 -15.0931 -25.2582 0.549293 -5.6557 -13.6618 63.1569
-11.2669 -17.0251 -9.08715 -6.6295 -4.82554 -8.27813 -3.79261 -11.6751 -23.6338 -0.540858 -2.5548 -13.2404 63.2893
-10.4408 -16.7697 -8.86134 -4.93481 -4.52498 -8.11309 -3.72317 -9.70041 -24.6791 0.124223 -3.77562 -9.69393 63.2414
-9.64415 -15.1239 -9.7074 -3.55483 -1.23683 -6.46521 -2.54636 -5.648 -20.3649 0.349831 0.379309 -7.12531 62.6155
-9.8859 -17.312 -13.0091 -5.82531 -4.18629 -11.108 -5.42538 -8.54598 -21.8417 -6.21844 -3.21139 -8.49066 61.5378
-8.23523 -15.6655 -14.6166 -4.78364 -1.24516 -12.0465 -3.90782 -5.57045 -17.7305 -6.1918 -3.10671 -4.18394 60.6393
-8.25807 -17.07 -15.2237 -5.44871 -2.63568 -14.3759 -6.32181 -4.91877 -17.5709 -6.99794 -9.40766 -1.56642 60.4339
-6.83626 -15.4429 -15.536 -2.70832 -1.73053 -12.48 -5.29592 -3.83724 -11.9158 -6.97325 -8.33589 1.14777 59.3667
-5.82738 -14.5579 -14.7012 -4.26843 1.33058 -11.0097 -7.56895 0.442418 -9.75326 -3.08224 -10.1058 1.63293 58.9077
-5.0528 -14.5947 -15.9529 -4.61239 -0.236317 -13.0808 -7.94965 -1.73206 -8.55591 -6.04162 -8.82222 -0.873156 57.9539
-3.86085 -14.3074 -18.1405 -4.85306 -0.909875 -11.4007 -11.8378 -3.93771 -2.65623 -8.51855 -8.59584 -2.99734 56.9404
-2.71132 -15.9405 -16.6097 -8.11487 -2.39856 -10.8234 -13.3492 -6.19795 -1.21874 -5.08196 -10.8375 -2.74476 55.978
-0.769457 -14.0227 -16.9789 -7.27295 2.63168 -10.0915 -11.4925 -2.52687 1.10589 2.36498 -8.00253 -3.26419 55.1518
-0.520027 -13.0613 -17.0124 -8.98486 1.71685 -7.40582 -11.3966 -4.77173 1.94871 3.25491 -3.54151 -4.12884 54.623
-0.445864 -14.4296 -19.034 -10.9926 0.242837 -11.0516 -10.1354 -11.9546 1.35088 1.38013 -6.42203 -6.12135 53.748
0.656245 -13.1801 -20.9178 -10.4757 -1.17451 -11.2104 -14.8385 -11.0453 1.59966 -1.47414 -3.24023 -7.82659 52.9858
-0.0425886 -11.1657 -22.0051 -11.307 -3.86774 -7.62817 -17.4353 -9.67094 -0.896693 0.000745753 -0.111497 -7.41068 52.1928
-0.764548 -8.6044 -21.4083 -13.7853 -3.9331 -5.26203 -16.0085 -15.4079 -1.53017 1.08227 0.992992 -9.84903 51.5883
0.872728 -7.51085 -23.7694 -12.4646 -4.25252 -7.06566 -15.8428 -15.0653 -4.05552 -1.31128 -0.732085 -8.05325 49.5533
-0.513668 -7.68537 -20.1252 -17.1033 -2.5623 -8.10667 -17.0221 -18.1636 -5.40058 -2.01784 -0.485274 -8.70478 49.7006
0.0182149 -5.73997 -23.1305 -14.6686 -2.09904 -9.86736 -18.9545 -12.2219 -6.16565 -0.798225 -2.05525 -11.4791 48.9191
-0.617201 -8.60442 -20.2598 -15.7662 -6.12477 -7.988 -20.5773 -13.4354 -6.57581 -5.00182 -7.9992 -6.02465 47.8655
-0.753474 -6.66164 -19.5551 -14.4878 -1.44456 -12.6649 -14.791 -12.2712 -6.71818 -3.14578 -4.19028 0.199983 46.8291
-1.86691 -2.62595 -18.1015 -18.4513 -5.68219 -7.68416 -16.3557 -10.1526 -7.73672 -1.95383 -5.58743 2.5263 45.6737
-5.88809 0.284628 -7.32624 -11.086 -1.02391 -6.45239 -11.5143 -13.2634 -8.89114 -0.274896 -8.82979 4.0795 41.9722
-4.36829 -1.36913 -10.0671 -19.7573 -4.50887 -6.71428 -11.5212 -18.7817 -11.537 -3.88056 0.128861 1.494 43.9059
