-6.85936 4.01744 -5.52668 -11.2322 -13.5448 -16.9122 -9.60791 -7.28722 -9.81753 -6.67686 -6.68957 -6.24308 37.9247
-2.18156 5.41845 -10.8906 -16.3878 -15.6666 -16.8669 -14.3336 -15.3377 -8.47573 -4.9988 -14.5011 -11.9282 42.3438
-0.533701 2.7213 -11.5841 -20.1823 -14.8324 -14.0945 -18.8795 -14.8722 -8.23795 -4.88879 -15.5854 -15.9556 44.8537
-1.58634 1.77636 -6.98423 -19.3195 -9.57402 -8.27623 -21.3563 -13.3181 -2.04902 -0.868277 -15.6277 -10.7308 46.5889
-2.59373 1.33583 -3.40106 -24.6286 -4.23736 -7.9996 -20.2351 -12.087 5.13409 -1.62392 -13.7555 -12.5106 47.8359
-4.47293 2.73557 -3.28836 -26.9361 -5.43329 -8.12666 -17.2338 -17.7153 1.59487 0.27514 -13.3288 -13.8598 48.898
-3.85877 1.94904 -2.64419 -28.4164 -2.93853 -11.2912 -17.9227 -11.0582 0.0499853 -2.4655 -14.2293 -10.6593 49.1024
-4.19558 3.59266 -1.85385 -26.9283 -4.7894 -3.81968 -17.9694 -11.0655 -1.28041 5.17661 -13.406 -10.7631 50.0465
-3.97212 2.51393 -1.91958 -29.4508 -3.96636 -6.78215 -20.6268 -12.6177 1.35446 -0.514513 -17.0985 -10.5297 49.7258
-7.31214 -0.621366 0.0801605 -31.6937 -4.6714 -9.30487 -15.6049 -12.974 -0.327265 -7.74814 -14.3949 -7.90733 52.6057
-9.82246 -5.26959 -1.74163 -30.743 -4.66546 -2.51071 -3.9391 -10.0642 2.83956 -8.68792 -11.8558 -2.77916 62.1788
-9.66875 -7.11002 -4.00227 -26.6774 -9.74443 0.470913 -5.6387 -10.1595 5.45469 -11.1492 -13.8764 -2.33427 64.4698
-10.1578 -10.4348 -5.26129 -25.9483 -11.1716 -1.36661 -6.62664 -12.1807 -1.01981 -11.1871 -17.3201 -2.56671 64.7131
-10.2883 -12.4919 -5.65677 -24.6405 -10.6148 -3.44608 -5.9689 -13.8571 -4.86938 -8.20209 -17.8993 -3.17552 65.2458
-10.2103 -12.8973 -6.57968 -22.2221 -11.0745 -3.42621 -3.8145 -14.5814 -5.9672 -5.58077 -15.7549 -4.48665 64.9628
-9.82631 -13.8744 -6.65685 -19.1606 -10.0235 -5.10428 -0.773068 -13.9556 -7.43046 -3.62973 -13.4453 -4.2376 65.2085
-9.81411 -15.2806 -7.71565 -17.749 -9.2005 -6.85004 -0.571109 -13.574 -10.0767 -3.57039 -10.9334 -6.78922 64.977
-9.25801 -15.6958 -7.82144 -14.9315 -6.75521 -6.94361 0.922445 -9.77081 -10.6149 -2.26425 -7.97823 -6.34232 65.0975
-8.98542 -15.4086 -8.49331 -12.652 -5.52622 -7.20433 0.599753 -7.29088 -11.7138 -1.55873 -6.70068 -3.533 65.2955
-8.504 -14.6997 -10.3552 -10.6896 -4.27684 -9.02332 1.63034 -5.71111 -11.3494 -2.05344 -5.68358 -1.14417 64.4647
-8.39179 -16.6884 -12.8638 -11.904 -5.42115 -11.4868 -1.73992 -6.83787 -13.7711 -5.63676 -7.07216 -1.99398 64.1965
-7.53963 -15.6536 -13.6742 -9.68362 -3.62665 -10.5799 -0.580732 -3.79267 -12.92 -6.13294 -4.68 1.45726 63.484
-7.46859 -16.9042 -14.4614 -10.8723 -2.82033 -13.1568 0.989956 -5.95144 -13.2014 -7.05834 -5.15233 1.02221 62.9901
-7.23499 -16.5834 -15.4345 -9.49896 -2.05596 -11.9501 2.40312 -4.95439 -11.6071 -5.81125 -4.38202 2.81217 62.6612
-6.18031 -16.1761 -16.6047 -9.9718 0.862508 -12.7267 3.36581 -3.94315 -9.70118 -7.41711 -2.50917 2.70454 61.3103
-5.60657 -15.1471 -17.5322 -9.18383 0.00860073 -11.9754 1.53905 -3.31469 -7.53317 -7.53799 -4.27825 4.35 59.9293
-3.77793 -17.6207 -18.5974 -9.05811 0.78367 -15.2053 0.369553 -4.31901 -6.52862 -10.7674 -7.0692 4.71367 58.5143
-3.03029 -15.1241 -19.0048 -7.46062 3.62556 -13.5423 -0.736953 -0.831349 -0.892567 -11.6174 -5.7091 6.50114 58.2605
-4.40696 -13.3825 -23.689 -8.96416 1.90478 -11.6369 -8.60397 2.62624 -3.32035 -10.3825 -8.96407 3.62 57.5206
-1.12069 -14.2077 -24.2839 -8.78398 2.30319 -11.213 -6.42544 -0.111354 1.10993 -7.92354 -11.4264 4.19045 55.1152
-0.372491 -15.0271 -23.1364 -11.5941 0.710768 -8.26154 -7.12221 -4.99017 7.96661 -8.73178 -12.4314 2.0559 53.785
0.115562 -12.8012 -27.8484 -9.79824 -0.764943 -4.56582 -10.4973 -0.904305 1.71694 -5.2969 -10.3382 -7.21832 53.4584
0.0323705 -11.4313 -27.1241 -12.2187 -0.25847 -2.38515 -10.6185 -7.72212 3.19065 -2.55296 -11.2054 -7.54109 52.3394
0.300825 -9.72583 -27.26 -10.2533 1.16591 -0.964567 -12.1893 -5.8429 5.2146 -4.91252 -16.145 -12.8634 48.8017
1.91278 -11.1189 -29.306 -15.7684 -3.29985 -2.95247 -16.0945 -10.6098 -1.21695 -12.9238 -10.8153 -9.27167 49.581
0.832394 -7.74242 -25.1196 -15.3161 -0.10405 5.61837 -14.253 -5.80445 2.80269 -5.41733 -9.34467 -19.0141 45.9173
-5.68098 -6.63048 -19.205 -10.5714 -3.4153 -0.261564 -5.26673 -7.04523 1.73127 -2.17503 0.0764728 -10.6003 38.8994
-7.46681 -3.86253 -14.574 -10.1289 -4.2434 -4.23842 -5.85992 -8.46261 -14.6805 -6.37729 -12.4274 -11.702 36.4584
0.690731 1.06917 -18.6974 -16.6001 -8.85596 -6.80186 -2.4571 -12.397 -14.943 -2.36246 -2.79214 -8.14131 40.7588
-0.403875 -2.26883 -23.0895 -16.5827 -10.3999 -11.4294 -7.44164 -18.5936 -15.226 -7.66745 -12.7286 -15.4748 41.7229
-1.07653 -1.35942 -16.2103 -15.7982 -8.06141 -6.96901 -4.35525 -8.94223 -9.11325 -11.1088 -9.2971 -12.1773 40.657
0.01633 0.586045 -19.3269 -18.1818 -5.45736 -6.09785 -8.25305 -18.2993 -11.8388 -2.66438 -16.2512 -12.7701 41.5428
-5.15002 0.683539 -10.4991 -8.77309 -3.11846 -7.35857 -5.86601 -9.45441 -6.59025 -11.9606 -18.2347 -16.9553 38.9362
-6.37773 -2.45453 -12.6245 -4.25653 4.96437 0.0366058 -10.1868 -13.9343 -11.8524 -12.5814 -14.1911 -11.3957 38.4451
-8.52804 -5.26047 -17.4443 -1.51709 9.61536 1.54493 -10.0402 -7.39538 -3.28772 -6.60623 -9.88453 -8.72602 38.2336
