-11.0894 5.65207 0.00693403 3.60783 -9.4892 -17.5008 -16.9586 -7.31461 0.129832 -2.16848 -1.46574 5.39057 33.2185
-2.45889 4.28457 -7.6903 -4.1154 -13.2227 -15.104 -9.0277 -2.32326 -1.31453 -1.82984 -0.815814 -2.05353 39.3397
-0.978118 3.702 -7.87385 -7.95452 -15.1348 -19.569 -12.6083 -6.55124 -0.611717 -1.27943 -3.17228 -4.12767 43.2748
-1.19711 2.1329 -7.87302 -7.65318 -14.7734 -24.882 -9.0631 -11.4968 -0.737546 -1.61549 -5.37835 -6.09934 44.5218
-1.52149 1.85058 -6.41614 -8.65856 -11.8764 -25.0885 -9.1105 -9.73284 0.938496 -2.33174 -7.32356 0.904047 45.5036
-1.88568 1.8384 -7.36338 -7.05224 -14.9867 -25.0699 -9.00179 -9.30319 0.805438 -5.74583 -4.8261 -2.90862 46.0923
0.144636 1.92965 -8.83425 -7.23976 -12.589 -28.3327 -9.74541 -7.02264 0.228924 -4.8324 -6.48498 -1.1255 45.179
-0.185651 1.62908 -6.20154 -8.0477 -15.3361 -25.7245 -10.6182 -3.52558 -4.14095 0.868996 -5.57284 -5.51251 45.1924
-0.91346 1.91138 -7.06733 -8.47054 -16.6841 -20.4703 -17.1355 -3.21399 -2.92868 -1.21864 -6.63391 -2.53289 45.7519
-1.03936 0.981017 -3.64693 -8.95658 -17.0235 -18.8556 -10.8947 -6.68479 -3.14936 -0.994537 -3.71417 -2.5215 46.445
-10.1379 -10.6962 -5.7918 -23.0621 -14.7235 -19.1212 3.29358 -15.0848 -2.69662 -0.294003 2.36596 -4.26333 61.2757
-5.76236 -12.2933 -11.9835 -17.3358 -14.5235 -17.5592 13.9911 -15.1932 -9.91652 -4.23391 -1.27413 -5.81027 64.0307
-5.02308 -12.6037 -13.688 -13.4282 -12.8655 -14.1838 15.3643 -12.0415 -10.3112 -0.00362973 -0.195765 -2.2832 64.7787
-3.66949 -14.4293 -18.5141 -9.13836 -14.8064 -12.0131 10.6664 -12.0941 -14.6865 -1.95733 0.626042 -3.21287 64.1318
-3.73842 -14.5703 -19.2608 -9.69001 -11.4905 -13.4059 11.2329 -10.288 -18.6673 -1.56869 1.59177 -1.93778 64.5959
-3.05321 -13.6498 -17.7345 -9.24743 -4.30463 -15.3723 15.2016 -5.74845 -15.4384 -1.36515 6.0366 -1.15386 65.2171
-2.02087 -16.2963 -17.8281 -11.2476 -6.88251 -17.0794 12.2193 -6.36519 -18.4256 -2.68534 -0.358979 0.999664 64.2332
-4.27766 -15.3835 -16.2785 -14.358 -7.84754 -15.0195 11.8959 -6.13135 -18.439 -6.35354 2.63083 -0.321193 65.4296
-3.80363 -14.3004 -19.3362 -13.2479 -7.61917 -17.8883 12.7614 -4.34929 -19.1418 -11.3285 5.11961 -2.06523 64.9618
-3.48624 -15.2462 -18.2983 -14.0911 -6.97403 -17.4384 12.1295 -4.42528 -15.354 -14.5939 6.33984 -1.59359 64.7057
-2.54037 -14.4645 -19.054 -11.1142 -8.76682 -14.1034 10.1355 -0.318088 -15.6842 -10.5683 2.34607 1.40291 64.3017
-2.40749 -13.7441 -19.1845 -11.0342 -7.73108 -15.4737 12.8543 0.907982 -13.6816 -10.2723 3.57075 2.49769 64.1589
-1.60062 -12.4804 -20.8419 -8.93978 -6.277 -14.223 8.29293 4.92134 -11.2494 -12.0738 2.81651 5.45711 63.7541
-1.20771 -13.2874 -21.4374 -10.8713 -8.84901 -14.821 4.51858 4.86799 -12.7182 -9.32259 -1.24305 4.62419 62.7975
-0.398211 -14.3315 -24.1346 -11.9337 -11.2161 -16.4202 0.895654 0.933897 -10.3011 -13.8301 -8.001 6.28146 61.5262
-0.124623 -10.846 -25.3545 -8.85787 -9.17927 -14.8361 1.35806 7.14619 -5.44075 -16.3592 -3.52972 6.03955 61.5838
-1.31302 -12.3519 -27.2125 -13.0022 -10.5559 -18.7655 -0.186043 2.3997 -5.90413 -16.7142 -6.36793 0.459522 60.825
-0.14671 -10.6994 -28.3067 -9.30949 -5.41635 -18.2998 0.472696 11.1286 -4.70828 -9.70692 -7.11481 -0.286101 60.2737
-0.831021 -10.1436 -25.1031 -10.4239 -6.90033 -16.0448 1.16348 10.3387 -2.30396 -13.3324 -6.59258 -0.516171 58.8756
-1.18698 -9.81973 -24.8961 -9.54758 -4.5701 -16.67 -1.47074 3.60219 8.54983 -12.584 -10.9407 -1.28389 58.8919
-1.81797 -9.69328 -26.8911 -9.47883 -5.21508 -17.6071 -3.02136 2.09348 4.73 -8.67342 -15.1982 -5.73477 57.9366
-0.185586 -7.92973 -27.2006 -9.34548 -3.43375 -16.113 -6.14069 1.7333 12.0046 -9.46361 -17.857 -2.97221 56.4487
-1.23505 -9.20455 -28.8134 -14.9727 -4.62611 -20.4531 -11.2435 -1.81874 2.51436 -6.45368 -19.983 -10.3926 54.7289
0.536454 -6.83003 -27.1366 -13.747 -1.31254 -14.6067 -12.6792 0.840376 7.18977 -4.00929 -16.6176 -8.15635 53.4949
1.29943 -7.12309 -29.4363 -14.6181 -1.95136 -16.5227 -15.2485 -4.32394 3.08422 -4.28226 -11.7093 -9.46126 51.7102
2.55449 -5.51974 -28.2734 -16.9031 -1.34008 -14.4466 -12.6809 -9.39352 3.46471 -0.577792 -9.74139 -8.19785 50.6673
3.8964 -5.02062 -29.1912 -16.6603 1.08444 -14.8557 -9.89362 -11.2759 2.48946 9.41581 -9.95021 -11.0586 49.2469
2.88629 -3.03814 -28.3455 -18.7829 -4.40599 -8.86601 -13.4133 -13.4054 -0.453334 5.42095 -3.30348 -6.48164 49.6105
0.95106 -0.884899 -28.0963 -22.7005 -8.39977 -9.98007 -14.3454 -11.1587 -5.18427 4.65768 3.7947 -12.7434 49.5413
1.93999 1.57721 -20.5 -15.4147 -5.3621 2.79403 -10.2298 -13.2282 2.00652 3.4017 -2.33765 -3.70174 44.995
0.658879 3.18367 -23.9488 -19.6404 -10.8257 3.22005 -10.6553 -15.9214 -11.4673 -4.81301 1.78544 -7.17925 43.7026
1.22936 -1.85975 -22.0309 -15.1027 -2.87412 0.319832 -7.87151 -14.7268 -12.7094 -0.894175 -1.74689 -7.27139 42.4145
-1.77604 -1.33697 -21.1446 -11.4229 3.72846 5.20738 -7.45754 -17.8027 -14.3068 2.25919 7.52523 -1.9109 41.0736
-3.49577 -7.65187 -23.4936 -13.5635 2.18685 5.02439 -7.77982 -17.0771 -12.3886 -10.4598 7.55352 -0.917549 40.0639
-4.11256 -6.47503 -21.2078 -8.9342 2.81989 5.14664 -17.9203 -16.661 -0.787454 -1.43405 2.64348 1.39158 38.9095
-6.13711 -8.43846 -23.8992 -12.9777 4.76422 3.64817 -8.36189 -11.1685 -4.67759 -5.12876 -4.82994 -6.45163 38.7253
-8.18723 -11.342 -24.7098 -4.72632 4.05339 -3.77508 -13.2906 -10.7298 1.2302 -6.25079 -1.27284 -1.34157 38.4413
-9.49799 -11.7173 -23.116 -4.89616 4.44724 1.99232 -14.6928 -6.50168 2.4869 -3.47693 2.16055 -2.12085 36.4925
-11.7123 -13.5868 -22.9491 -7.09208 -0.935735 -7.51351 -8.5621 2.23949 9.2907 -2.36782 -4.52486 -6.35086 36.7018
