-16.4983 -10.1498 -6.39599 -11.1619 -8.78324 -5.11363 -5.26965 -9.98249 -2.82397 -2.53889 -8.67271 -3.04169 32.8215
-14.6384 -9.65235 2.00488 -17.0653 -19.353 -17.549 -0.883686 -14.7662 -12.1766 6.61946 -23.3998 -1.66897 41.1938
-13.3915 -3.80491 -0.111864 -12.1847 -18.4112 -14.7547 -3.01703 -25.2231 -13.1404 4.54191 -28.3343 -9.54805 36.295
-15.1632 -2.1171 -3.16122 -5.23957 -7.57386 -10.1508 -4.3424 -5.59896 -6.68614 -6.60362 -10.3561 0.328526 33.7409
-8.20312 5.52451 1.66669 -6.85255 -6.02086 -13.6528 -5.94181 -9.30987 -7.06116 0.389305 -21.8871 3.76249 37.6737
-7.2442 4.80338 5.17412 -2.47131 -5.49211 -12.8018 3.25556 -15.6173 -13.0583 3.44575 -16.1913 -2.2921 38.4009
-4.77903 1.60162 1.50147 -11.1799 -17.4251 -19.982 6.5699 -10.6972 -3.86937 3.19303 -18.1707 3.85264 44.3198
-5.86376 -3.03874 2.84256 -12.337 -14.4947 -22.9717 5.38133 -14.9391 -3.21398 4.34071 -22.2621 3.58338 47.9334
-6.56956 -1.16459 2.95577 -14.8475 -16.5445 -18.6203 3.78203 -12.0969 -10.1243 5.3191 -20.6961 3.66165 48.3643
-6.3024 -1.6568 2.12803 -16.8175 -11.2652 -20.9718 2.5454 -12.7842 -8.96401 0.318021 -15.8881 1.72358 49.0223
-5.57218 -1.59943 -0.237189 -11.6909 -14.8657 -21.9338 5.16387 -14.5397 -8.4689 0.130202 -17.5615 3.08003 49.0427
-6.05283 -1.78323 -0.686111 -11.1636 -15.1943 -20.594 4.08111 -16.3583 -6.59126 0.228591 -18.8643 3.80086 49.6291
-6.13911 -0.751679 -1.57776 -9.96217 -16.7258 -18.1225 1.24346 -14.7572 -6.30317 0.0308229 -18.3941 3.36292 49.7513
-5.07403 -1.21029 -1.82931 -7.87076 -19.1927 -17.2238 3.00036 -12.865 -8.23914 2.9105 -18.6182 5.30404 49.4363
-4.72706 -1.7948 -1.51138 -7.89121 -21.3752 -17.2796 2.30374 -12.5924 -9.37646 2.9197 -19.7076 4.20804 49.352
-3.74388 -1.50687 -1.64572 -9.13973 -19.8057 -15.2569 0.981498 -11.7454 -8.2451 3.85426 -19.663 4.08775 49.1751
-4.27214 -0.978916 -2.42356 -11.5448 -17.1281 -20.2162 1.68418 -10.8283 -10.847 3.70943 -19.1249 2.40482 49.506
-4.62298 -0.251693 -2.94521 -12.0325 -16.3121 -20.8016 -0.394785 -5.58238 -17.4556 7.05878 -18.7487 2.7426 49.6347
-4.97652 -0.269819 -0.798625 -12.9667 -16.6842 -21.0204 2.3305 -7.90037 -19.0198 7.58611 -15.5171 -2.84349 49.7941
-3.71313 -0.708363 -2.66151 -9.25161 -19.5158 -20.6124 4.57292 -10.9443 -18.6408 10.1802 -16.4146 -4.17872 49.1456
-4.08008 -0.764687 -1.14397 -9.43324 -17.2621 -20.9477 2.47898 -5.55545 -20.9881 11.0812 -15.2811 -2.26588 49.5523
-3.12131 -2.78555 -0.0817995 -9.31211 -19.7638 -21.4952 4.60422 -9.42127 -20.971 12.4684 -8.92839 -13.3992 49.3749
-5.02088 -8.33026 -6.09378 -1.27655 -23.522 -12.4957 6.45864 -7.08821 -18.384 5.4349 -2.20499 -8.2575 54.3548
-4.97562 -13.6046 -14.873 -0.632319 -33.8384 -4.57719 2.31064 -6.34642 -11.6084 -0.5281 -2.40534 -4.16752 62.1521
-6.82777 -12.6733 -18.4411 -2.97275 -25.2965 -2.31207 -1.55667 1.50207 -15.8436 -6.38446 -0.449448 -0.980405 65.671
-6.47931 -14.6462 -19.0187 -1.26687 -24.3892 1.84421 -7.17416 8.49147 -14.8946 -11.5723 3.66701 -0.83073 66.2257
-5.36903 -14.3787 -18.0557 0.650812 -17.25 1.07073 -6.37057 16.7695 -12.6631 -10.3935 5.61755 3.37495 66.9992
-5.58303 -18.0739 -19.5622 -4.57689 -14.9369 -2.82445 -12.9475 17.4475 -16.3725 -12.4339 -0.905272 2.08745 66.7055
-5.84723 -19.8217 -16.8297 -11.6812 -8.833 -5.77642 -13.2909 14.3684 -13.7602 -14.3342 0.70418 -4.78077 67.0405
-5.43819 -21.2491 -15.8661 -16.669 -3.18822 -9.04466 -13.5642 11.7289 -10.8184 -11.4104 -7.68962 -1.42011 66.7072
-5.36126 -19.2035 -19.146 -16.9115 -0.723988 -8.8145 -16.5094 8.858 -7.10742 -12.1754 -9.9435 -6.39196 66.2329
-5.06325 -14.5696 -17.6977 -12.9354 5.57768 -5.47908 -9.56705 8.51447 -0.97878 -9.00987 -5.22591 -12.6565 66.7306
-8.28937 -14.5036 -23.7046 -16.958 1.20651 -10.9232 -12.6489 0.442063 -3.56486 -12.333 -6.21915 -17.3986 65.6771
-7.30404 -11.6656 -23.5659 -15.4966 3.26106 -9.21293 -10.8279 2.65553 -3.55261 -8.65981 -2.08864 -18.7897 64.8228
-7.68482 -11.4118 -25.411 -17.8715 2.90241 -11.2447 -12.8744 0.164502 -5.40113 -11.1774 -3.36951 -20.4284 63.4363
-7.04949 -10.3833 -24.9025 -16.6767 3.32504 -7.96631 -11.2312 0.998039 -4.20632 -6.53534 -2.65289 -21.9089 62.339
-5.98316 -10.4062 -23.7652 -16.883 1.06876 -7.50464 -10.8557 -0.570678 -3.4185 -6.48564 -1.91332 -23.9994 60.3598
-5.1701 -10.4052 -24.5057 -16.773 0.571315 -6.85651 -13.7369 0.0997429 -4.76175 -6.86182 -0.945535 -22.2921 58.5956
-5.05655 -10.0363 -25.5641 -17.7363 2.29032 -8.70302 -15.2272 -1.71325 -5.57508 -8.88315 -3.67082 -18.5244 57.2484
-3.34532 -9.07096 -22.7004 -15.8001 4.43099 -5.99323 -12.903 0.027394 -2.54445 -5.06954 -1.96253 -19.2689 55.9366
-3.20535 -10.3818 -24.8729 -15.7517 3.96061 -6.06934 -15.5739 -0.560006 -8.75027 -4.39807 -1.453 -21.0018 55.341
-0.985158 -10.1619 -24.6033 -13.4259 4.68084 -3.20418 -12.8889 -1.12538 -4.66325 -6.52967 -2.54873 -24.35 51.7037
-1.89404 -9.96819 -21.5274 -17.7516 -0.120507 -1.26058 -10.76 -3.01882 -5.47558 -4.14597 -5.69937 -21.0733 51.5208
-2.99175 -5.96936 -20.3549 -17.1283 0.580095 -5.83939 -16.2458 2.02739 0.548765 1.02121 -0.818841 -22.2885 50.9323
-2.48285 -9.72668 -24.7941 -21.7938 -2.78081 -4.30252 -16.5761 1.50651 -2.87863 -2.01602 0.418579 -18.8067 56.4868
-3.15688 -5.32392 -25.7766 -24.0838 -2.30418 -3.38722 -17.3752 -0.582186 2.27479 5.29921 -5.4655 -27.9675 49.6428
-1.07148 -1.21011 -22.9295 -29.5154 -9.66173 -8.71011 -10.9255 -9.95775 -2.88065 -1.58842 -7.18091 -24.2948 49.4024
-0.585236 -1.5688 -17.0737 -19.9118 -0.704834 -6.95006 -16.9417 5.43997 1.3438 -1.53406 -1.6736 -19.2107 48.8337
-2.4922 -0.487279 -22.5467 -20.2052 1.80107 -6.76826 -18.5152 3.86269 -4.05195 -6.44083 -4.20782 -22.8019 46.6695
-1.58711 -3.30449 -19.6173 -16.1955 -0.153407 -8.57386 -17.4489 -2.39515 -2.68319 -0.453818 -3.38538 -22.236 45.4245
-2.2591 -4.52707 -18.4419 -16.5725 -0.800136 -3.10148 -8.31844 -1.7158 -0.770255 -0.413984 -8.99388 -25.9702 45.4782
-0.0862679 -7.00833 -21.1639 -15.4237 -8.02534 0.105455 -15.4618 -3.55816 -7.56839 -1.64447 -4.12771 -20.1765 47.6775
-2.5203 -3.90897 -19.6745 -13.6702 -4.45876 -1.41349 -12.2068 -4.20864 1.74367 -3.33663 -3.34384 -22.5725 45.2903
-2.20702 -4.39546 -26.2208 -22.9783 3.00549 -7.09883 -20.385 -2.49311 -2.45825 -1.65362 0.852369 -16.9582 50.3297
-1.33594 -3.13778 -26.3852 -21.3832 -1.04011 -1.35982 -18.4789 -5.61643 4.32492 -4.42947 -0.772987 -22.3306 48.3906
-0.907667 -2.77726 -21.2695 -16.8549 -0.678371 -5.28753 -17.6418 -5.08897 1.20367 -1.22243 -1.33964 -21.1403 47.5044
-1.49249 -1.24838 -20.2878 -20.8804 1.96332 7.73365 -15.7054 1.4843 2.80298 -1.9471 0.0458395 -11.755 48.379
-1.17822 -2.25482 -24.4525 -25.5706 -3.32031 -0.869125 -18.3255 -4.68749 -0.769995 -3.45746 3.87887 -18.83 51.0877
0.441149 -1.08708 -21.6059 -19.8466 1.4841 -0.134495 -14.1063 0.180976 -0.860026 0.518761 -1.13213 -12.5829 50.0133
-0.0283076 -1.85169 -21.5745 -22.4964 -1.44715 -3.25847 -14.0398 -5.21216 -3.57342 4.62584 -0.820102 -16.7063 50.3002
-0.37775 -1.57868 -15.8862 -16.7269 -4.68277 -1.2257 -8.52002 -2.27394 -11.927 3.06879 5.58532 -15.2464 48.3658
-1.23105 -2.90821 -20.1042 -15.3381 -0.648441 -5.03566 -11.9957 0.947385 -1.96266 5.55585 0.144251 -10.5692 47.759
-0.176984 -4.41953 -24.455 -16.9647 0.815732 2.91945 -8.97991 -3.10463 4.13403 8.04389 1.43915 -13.1787 46.7596
-3.88802 -4.23163 -15.1694 -15.6596 3.20256 5.34909 -12.4792 -3.13727 -7.87257 7.74023 2.79834 -13.258 44.4574
-8.0269 -9.68125 -11.6395 -8.0793 4.31228 4.34745 -16.1294 -9.40048 -4.96065 -2.58744 -2.55068 -15.8683 41.5009
-9.93693 -13.3814 -19.6559 -11.0811 -9.46542 -5.00595 -9.01465 -3.01534 -2.55454 -6.31143 -3.63381 -7.23723 40.3042
-8.07539 -10.1336 -19.7394 -10.2094 -5.18682 -2.86017 -9.11779 -3.14983 -4.87985 -16.2689 5.37682 -5.68022 42.1694
-6.99733 -7.63869 -19.5833 -10.1404 -2.64592 -1.39202 -8.43072 -7.6997 -8.86304 -8.16823 8.92957 -7.6551 41.5633
-8.83843 -9.63151 -21.8041 -5.58325 4.3667 -2.99863 -7.52167 -12.4053 -4.25621 -0.922827 -0.0595929 -6.574 40.154
-10.2861 -9.54897 -21.3432 -12.7146 -4.74809 -1.04045 -13.2564 -4.85514 -3.66268 -7.04975 7.32674 -10.6947 39.4177
-10.0802 -5.24823 -18.2216 -9.07849 -8.06545 -4.89967 -8.58466 -9.86898 -1.59308 -7.88718 -1.43618 -9.08581 38.592
-8.8712 -9.52832 -21.4164 -13.5846 -0.929583 -3.6927 -12.0901 -9.36917 -2.85667 -8.49928 1.93299 -5.80406 38.0185
