-17.444 -5.34374 -10.073 -14.0623 -11.1386 -6.01847 -12.8481 -1.9288 8.92353 9.1655 -1.31006 0.248106 33.5666
-12.1296 -0.635051 -4.25656 -12.4516 -16.5592 -14.3406 -19.3964 -4.69716 -12.573 -8.46252 -6.46339 3.24548 35.8245
-8.27727 2.3191 -2.36451 -12.2605 -17.966 -11.5644 -20.325 -9.91654 -7.41282 -10.5639 -6.43502 4.42927 38.2884
-6.74078 0.871596 -5.85539 -11.2998 -21.0329 -18.0792 -20.4233 -13.2541 -8.40229 -6.21712 -7.5805 -0.771647 39.1964
-5.85394 0.377963 -7.25952 -18.1691 -17.3279 -16.1627 -17.409 -17.7661 -11.6261 -10.4946 -10.2053 -1.00451 41.0046
-5.29036 5.77504 -8.39315 -19.2277 -14.5096 -10.228 -18.3649 -14.6246 -9.32763 -7.5312 -12.4767 -1.49948 41.9655
-5.0535 0.651658 -9.0761 -14.7934 -16.3627 -14.4062 -20.2938 -16.2652 -12.2404 -7.40095 -11.3217 -1.84011 43.242
-4.81063 1.36111 -4.91766 -18.0957 -14.432 -17.9795 -19.7715 -14.3912 -7.4667 -9.7804 -12.9101 -8.17492 44.6019
-6.4702 0.997144 -2.31157 -14.628 -12.804 -20.9643 -18.349 -12.6855 -5.68085 -14.2396 -10.8549 -7.04041 45.8871
-7.0544 -0.0809591 -4.51815 -18.6365 -16.0579 -22.6075 -19.4142 -10.975 -10.3786 -19.1976 -13.5764 -7.20057 46.6924
-5.31375 0.259152 -4.56596 -11.8898 -12.804 -19.4889 -18.9467 -7.01769 -8.92234 -10.5525 -11.5396 -5.99787 47.243
-6.88394 0.339786 -5.74195 -14.3832 -11.7095 -21.7999 -20.3712 -11.4502 -9.31933 -14.4261 -11.9503 -11.2905 47.1107
-5.07929 -0.19528 -4.3676 -13.1442 -12.687 -21.3883 -18.3648 -5.48484 -8.94505 -13.3905 -10.0083 -7.5045 46.9909
-5.70679 0.102243 -5.25957 -17.026 -10.1847 -22.3172 -18.0802 -9.42502 -8.99442 -14.1272 -12.6537 -5.15936 46.2759
-5.63309 -8.24838 -4.81096 -16.6147 -19.6287 -9.933 -11.2179 -13.4257 -10.038 -15.274 -16.1364 0.455847 51.22
-8.40181 -10.8329 -8.76057 -16.9001 -24.7916 -6.8993 -13.9029 -13.3898 -7.05166 -20.3819 -10.4272 -4.9361 57.4657
-9.85432 -10.9418 -8.60689 -14.6775 -17.4262 -1.02002 -16.2728 -13.3604 4.23331 -19.6753 -7.08023 -5.82453 58.7982
-11.5078 -13.0362 -10.6869 -14.6324 -15.344 2.09826 -19.025 -19.4478 8.87707 -19.22 -5.68008 -8.27263 59.2563
-11.2164 -14.0685 -10.926 -15.3963 -13.6151 2.50844 -15.9152 -24.4303 9.87388 -17.4748 -5.06098 -8.83181 59.0961
-11.2339 -13.2084 -9.54369 -14.8481 -12.3405 5.1452 -12.7276 -24.9301 6.06137 -13.9355 -2.92497 -7.42893 59.3929
-10.6473 -11.2632 -7.21229 -16.2685 -10.7484 10.587 -7.41708 -26.6585 7.78531 -8.52159 4.11993 -12.506 59.7279
-10.6399 -11.9726 -6.4213 -11.6163 -13.6484 12.3409 -6.0786 -23.4228 6.8413 -8.88672 4.4096 -11.9273 60.3479
-12.6612 -14.9999 -10.7339 -12.6981 -17.2494 4.96557 -7.2593 -27.0839 1.05817 -12.6555 -1.34917 -12.0402 59.8809
-12.2871 -15.9498 -10.5707 -13.3645 -13.1697 4.40218 -3.62457 -25.1 1.23115 -14.5391 -4.35546 -13.7456 59.5078
-10.7146 -14.9052 -8.03198 -12.531 -9.72349 6.1209 3.70162 -23.1926 2.84506 -12.6499 -0.84605 -12.0912 59.8414
-10.4281 -15.2641 -10.0001 -13.2046 -10.7414 3.91712 3.74221 -19.9904 -1.73903 -12.5315 -1.43156 -11.9194 59.584
-9.36759 -15.9033 -10.6593 -12.5662 -10.5623 1.18522 5.59359 -17.0986 -3.24285 -14.7264 -1.07235 -12.2209 58.5434
-9.45155 -15.1054 -12.7502 -9.74458 -11.945 -0.100212 7.59803 -13.2164 -8.89602 -12.0607 3.07284 -13.8883 58.3125
-9.27635 -13.0513 -13.6733 -11.0477 -13.3466 -5.49509 12.6495 -11.1899 -9.41806 -16.829 6.0862 -4.988 56.539
-8.12965 -15.2642 -14.9254 -10.6661 -15.2113 -10.825 6.91551 -4.79668 -9.02762 -16.208 3.37683 -5.58561 54.5929
-9.12305 -13.6673 -16.132 -10.8163 -16.9876 -14.9779 1.87106 -7.05045 -9.88399 -18.2637 4.80362 -2.74373 54.1593
-8.60708 -12.6556 -16.9377 -9.25737 -17.9597 -18.0934 3.71474 -3.76473 -10.4627 -22.5305 -1.01222 -1.30734 53.0988
-6.49641 -12.4118 -15.3366 -12.6765 -16.9743 -18.0701 -4.60279 -2.32998 -7.32109 -14.9898 -2.37892 -1.33172 49.777
-7.64277 -11.3734 -16.3793 -10.7678 -17.568 -16.5916 -2.59975 5.64588 -2.9458 -18.9453 -4.59887 -0.274016 49.8419
-3.50843 -9.66247 -15.6661 -9.35216 -19.5516 -18.1274 -4.00033 4.72888 0.379454 -13.4012 -5.05712 0.149728 45.4559
-4.96742 -9.59818 -15.1461 -7.70458 -15.1927 -20.7 -3.71895 3.62094 0.023456 -6.55274 -8.39898 -0.21945 45.6547
-5.00492 -11.3116 -17.2309 -8.6044 -22.1015 -21.8563 -5.97641 0.771804 -1.16403 -12.3104 -12.5358 -5.86893 47.7857
-6.02857 -6.90879 -15.7255 -7.38935 -12.6813 -18.4021 -4.92663 13.0508 3.407 -8.56229 -6.15733 0.339388 42.5627
-8.33248 -4.37372 -13.4561 -7.67666 -13.9807 -23.5178 -10.8828 6.82427 1.92059 -11.8748 -11.1351 -2.75632 40.5811
-6.95018 -4.83411 -13.101 -10.1767 -16.6279 -22.0289 -24.0582 10.4842 7.56908 -15.3874 -10.9577 -9.98508 42.8267
-5.09032 -5.37737 -14.8634 -9.79893 -14.1671 -23.5353 -18.5284 3.13079 4.26881 -11.345 -11.8709 -5.73553 43.5316
-4.93802 -4.18998 -11.6991 -10.2638 -16.1121 -22.6155 -14.5352 2.75962 4.64808 -9.2686 -12.4803 -6.90433 41.9894
-3.44434 -9.3318 -14.0579 -8.76764 -13.4334 -20.9284 -13.1026 0.488497 6.16457 -10.9994 -11.5718 -4.08303 44.6883
