-5.77744 3.03662 -0.264362 -6.67997 2.42766 -16.3047 -5.76893 -6.07679 -0.227014 0.97821 -5.24288 -0.18163 43.9805
-7.35663 3.00614 -1.53415 -12.9356 8.68062 -21.0915 -13.4464 -9.41683 9.28145 -2.1851 -15.0149 1.7333 47.6436
-6.83322 3.78679 -2.25849 -18.7922 5.04388 -18.5762 -11.9706 -10.6898 7.26788 -5.07478 -12.3509 1.1144 48.6085
-7.06566 7.39363 -0.127997 -18.0249 -0.904851 -18.2934 -4.80157 -12.9917 2.22934 -5.17165 -8.04229 -0.44724 49.0551
-8.44904 9.717 1.48683 -19.8008 -5.10201 -16.6634 -1.82394 -8.57382 -4.03281 -6.3151 -3.12862 0.154387 49.6379
-5.88669 4.57535 1.08059 -14.8231 -5.08873 -19.7474 -4.49932 -8.72417 -2.04052 -2.38005 -9.96157 -1.36299 49.607
-7.54526 2.07174 2.32493 -13.8276 -6.00028 -19.3737 -5.58571 -3.43242 -6.04222 -6.98117 -7.28964 -2.19859 51.4481
-8.86499 1.65277 3.38114 -15.8661 -4.56266 -19.5166 -5.31314 -7.70908 -8.1666 -0.75247 -6.23358 -8.78462 52.1856
-8.75184 0.040842 -1.35105 -24.2843 -7.28226 -10.9409 -6.42198 -5.76929 -0.0892983 0.938447 -11.9684 -4.34306 56.3313
-9.94035 1.54035 -3.38225 -29.735 -11.8173 -8.56958 3.45394 -10.3456 3.29819 -0.28037 -10.5686 -4.2921 58.8428
-10.4895 1.44206 -2.31585 -32.2733 -11.7375 -8.51007 11.836 -11.8938 8.72514 -2.71855 -15.8095 -5.54758 60.2787
-9.90977 -1.49442 -3.62578 -31.4983 -11.8467 -7.79784 14.7167 -13.2768 9.42672 -4.09242 -17.5209 -8.13915 61.5371
-10.6268 -0.502422 -3.42067 -33.6558 -7.99349 -8.7165 18.5495 -14.0549 2.69235 3.08931 -19.0261 -9.26466 62.4666
-10.0418 -1.09713 -2.64259 -31.8675 -7.35916 -6.57974 17.1659 -15.6919 3.06648 2.43093 -15.7807 -7.77241 62.2212
-11.3423 -1.90992 -3.26245 -30.4096 -11.912 -8.30925 17.6843 -17.1415 -4.37613 2.59892 -16.3186 -9.32743 62.2923
-11.6743 -2.67299 -1.84308 -30.1893 -8.1845 -14.7931 21.2636 -13.71 -6.9285 -1.49915 -9.81104 -13.1654 62.164
-11.914 -2.51078 -1.46569 -28.1549 -11.106 -12.1977 23.0369 -13.8042 -8.11665 -2.21849 -5.64927 -17.1657 61.7375
-12.4256 -3.07491 -0.504589 -27.95 -10.9473 -14.6026 24.2391 -9.34469 -7.7049 -5.55438 -7.18386 -18.8627 61.3864
-12.4528 -3.46446 -0.398198 -27.3623 -8.19482 -18.4834 25.5847 -3.45759 -8.29995 -9.20225 -7.12182 -17.308 61.7244
-12.9703 -3.0857 -1.5392 -24.0834 -9.04021 -18.7237 26.5353 -1.03607 -15.7554 -2.91858 -6.56075 -11.1873 62.7056
-12.199 -4.66753 -1.02789 -23.9092 -5.30885 -24.5582 26.2548 -4.07556 -11.3516 -4.74715 -3.57799 -12.2285 62.4409
-12.8191 -6.02368 -2.32734 -19.0699 -5.24722 -29.2789 19.3644 1.07447 -11.9207 -7.88873 -5.73169 -13.8679 61.6435
-13.0211 -6.93921 -2.67997 -18.39 -4.18223 -29.6011 17.9898 2.40111 -11.5703 -10.6814 -6.88301 -12.0845 59.8508
-12.5153 -6.89783 -2.05389 -16.0047 -3.13499 -30.2653 21.4629 3.35402 -9.48806 -12.5494 -3.21347 -8.92695 60.0235
-11.295 -7.14041 -2.60985 -14.9541 0.246886 -30.0282 18.8802 2.43856 -5.85762 -14.1111 0.492297 -7.66475 60.5268
-10.4962 -8.92855 -4.51947 -13.3223 2.56163 -32.751 11.9696 2.06402 -4.93222 -15.0559 -4.27971 -5.66581 58.9748
-9.65318 -9.2422 -5.50718 -12.9523 2.99627 -30.4419 14.4557 4.63504 -2.32328 -11.4666 -4.79346 -5.77377 56.7806
-9.07664 -7.0572 -8.68805 -11.858 4.26826 -29.1633 10.5892 4.70858 2.46673 -13.0691 -7.73269 -3.72321 56.9917
-6.89554 -8.32006 -11.8543 -12.9251 11.8222 -29.2665 4.40715 5.86701 4.52263 -14.9141 -6.538 -4.4633 56.5877
-7.37224 -7.81122 -14.6696 -9.73252 8.89394 -26.5327 6.06197 2.02741 6.31132 -14.1479 -10.5218 -5.13031 54.9072
-4.97748 -7.91091 -15.4825 -11.1402 6.23638 -19.4104 1.88678 4.91527 5.80533 -5.47735 -20.6437 -7.93466 51.451
-1.56782 -9.1775 -18.6078 -7.85892 6.26538 -15.483 -6.21901 3.65099 8.22196 -2.91234 -20.1724 -7.37287 51.3736
-0.365999 -6.15149 -20.9066 -11.1745 8.87364 -13.7144 -3.49321 -0.922641 5.57955 -1.03476 -11.9938 -2.99158 49.7262
-3.22108 -4.6597 -17.6404 -13.9542 6.77256 -16.0876 6.42024 -4.81324 8.33288 0.479034 -17.8916 -7.24679 48.0402
-1.4024 -5.6128 -18.1127 -12.458 2.43865 -13.8879 3.08299 -4.14412 8.05451 9.49516 -18.2167 -12.0221 48.133
-1.52119 -2.32989 -19.4802 -11.705 -0.433041 -14.5949 6.91384 -6.56399 6.81045 3.19592 -5.34857 -8.91098 47.1296
-2.41657 -2.89755 -18.3381 -12.7957 -0.431451 -11.3361 -4.8408 -5.57145 11.5553 0.895888 -6.99685 -7.23171 45.2619
-2.39247 -1.6737 -20.25 -17.0746 3.33654 -11.8826 -9.82856 -3.32667 8.42282 4.23943 -8.02277 -11.5228 45.5153
-1.9672 -1.57326 -15.2024 -16.7775 -2.13927 -5.57714 -4.5361 -4.76059 5.9864 3.66397 -1.60349 -8.56687 45.2461
-3.54602 -1.92034 -14.2949 -17.3572 -4.47604 -4.16702 -2.29101 -4.27796 11.4377 -3.36964 -9.50288 -5.89426 41.8041
-6.45043 -5.00915 -8.60151 -11.1969 -4.70837 -6.66737 -4.24938 1.21596 5.35901 2.34464 -1.34647 -5.57795 41.6438
-4.53818 -1.99634 -8.26006 -7.15962 -7.24911 -15.0449 -5.78492 -1.37367 7.4185 -1.18054 -1.97868 -2.43875 41.0516
