-5.72691 -1.78286 -11.6881 -14.7828 -22.4911 -17.7196 -13.4654 -10.5675 -8.00724 -6.17375 -12.6801 -1.83278 40.6332
-3.90114 1.98383 -7.36589 -17.0196 -16.111 -16.4452 -10.6298 -7.50659 -1.03298 -2.50943 -9.62727 3.27287 41.7097
-2.32005 -0.934693 -11.4127 -13.8195 -9.47318 -20.6664 -7.42625 -12.6122 -6.88699 -2.8311 -12.886 -4.41356 44.744
-4.07975 -2.41516 -13.8255 -19.0297 -7.76125 -25.7799 -14.6051 -7.72949 -9.23119 -2.94483 -9.72348 -1.62846 48.9168
-9.19974 -6.85621 3.89801 -22.3707 3.94271 -18.6584 -2.03589 -6.29607 -3.54929 3.02199 -8.51402 5.0481 58.9085
-15.9897 -12.139 -1.38576 -25.7672 1.22796 -16.6543 -1.47276 -7.91695 0.859078 -2.98405 -9.12827 1.91407 68.0478
-17.6802 -19.8886 -4.83245 -32.0246 -6.08577 -18.2695 -4.45174 -7.59827 -9.88355 -10.7948 -19.5833 -3.9393 68.6728
-15.8187 -20.9193 -3.96786 -31.0179 -5.74977 -12.2186 1.13503 -12.1975 -14.585 -6.25322 -14.8429 -6.1315 69.4818
-14.4963 -20.3562 -4.97879 -25.6467 -6.92226 -7.88989 5.20175 -12.3266 -17.8558 -0.570552 -7.3349 -8.44172 70.5082
-14.5479 -20.4517 -8.12168 -25.5944 -5.53872 -12.0235 4.25305 -13.5705 -24.1683 -3.28232 -2.59314 -11.6221 70.5584
-11.931 -16.3731 -6.91176 -16.9413 4.49224 -12.3859 11.035 -3.42582 -21.7002 -4.20593 5.33656 -8.98064 72.0426
-12.839 -18.2689 -10.9826 -16.2473 3.96162 -14.7851 6.9603 -1.64118 -22.6736 -5.66593 0.513393 -4.39239 72.0233
-11.3059 -18.264 -11.6498 -14.3747 9.44968 -17.0075 7.82581 0.607772 -18.1012 -4.79338 -2.31732 -0.0613517 71.9926
-12.4346 -20.1616 -17.7352 -16.9179 5.75829 -22.3825 1.22079 -4.31896 -19.1152 -10.0695 -11.5304 0.426615 70.8497
-11.4975 -20.6829 -16.6391 -15.7707 6.67644 -16.601 0.684537 -4.39818 -10.4557 -9.15116 -15.5313 6.45778 70.7237
-10.6359 -22.0354 -15.65 -16.6081 6.14286 -14.2021 2.32485 -8.37117 -6.89241 -5.85416 -17.4409 4.71203 70.4505
-10.2413 -16.7182 -13.8661 -12.6903 12.3643 -8.03146 6.04242 -9.65113 0.689233 -3.03733 -16.1754 1.29302 70.9567
-12.263 -18.0023 -17.436 -16.4261 9.28311 -9.55341 0.679481 -15.1895 -2.07786 -3.93485 -18.6026 -3.89926 69.938
-11.84 -16.2179 -15.1804 -16.0741 10.9431 -6.12525 4.59653 -15.5337 1.77706 -2.8022 -16.4912 -4.33334 70.0331
-10.3637 -15.1687 -18.4737 -17.0783 12.3579 -7.87472 5.19498 -14.9402 4.11205 0.0914929 -16.1526 -4.31691 68.2423
-7.81145 -13.1682 -20.6753 -18.5675 10.9183 -6.50477 2.07787 -16.191 2.11869 1.62951 -17.0717 -5.73742 66.3376
-6.73912 -14.984 -27.229 -22.0802 6.53911 -10.9227 -5.16049 -18.0618 -3.99676 -0.882926 -19.482 -7.68465 63.4558
-3.85003 -13.249 -25.2214 -23.176 9.1021 -4.88883 -9.08589 -13.7071 -2.88299 1.86803 -16.9956 -8.75939 61.2034
-1.666 -11.4064 -24.1804 -19.5371 8.66301 -3.02549 -7.8649 -11.7658 -0.89391 1.05679 -10.6561 -9.50502 59.4128
-1.18488 -9.05421 -23.7879 -18.0798 11.1324 -6.21005 -0.751283 -12.3794 -4.39212 3.89965 -8.77434 -6.20067 57.6667
-2.23506 -10.1428 -30.5665 -22.631 11.2139 -12.2919 -9.36398 -17.0417 -11.3755 -6.39643 -12.5051 -10.6619 53.9233
-1.43403 -6.25678 -17.9479 -18.109 14.323 -3.94189 -6.18587 -9.48297 -5.10898 2.82761 -9.87797 1.02882 49.8041
-9.48828 -9.06565 -15.4442 -10.6925 14.6382 -3.51826 0.10094 -6.89665 -3.88866 1.07169 0.422465 -0.989742 46.7449
-12.9498 -16.1923 -21.5344 -12.5052 16.7794 -0.684703 7.44555 -3.07705 0.553377 -0.0157523 -1.19567 -1.41229 45.106
-10.3777 -13.9349 -18.5319 -11.2852 6.47729 -8.07614 -5.37503 -10.7455 -2.32198 2.11482 0.382279 0.451645 46.5958
-12.4826 -17.0793 -17.5601 -15.3449 3.05367 -17.2676 -6.18909 -14.4136 2.82342 -4.44496 -2.38093 -0.538113 45.2425
-12.1286 -15.8286 -18.7697 -15.3241 3.58391 -10.0089 1.17584 -12.3963 0.520242 -0.919277 -7.28052 -3.52616 46.2891
-11.3908 -13.7617 -16.9159 -12.6831 5.65945 -18.2564 -2.03837 0.0951055 6.01636 -3.11714 -13.706 0.501942 45.9005
-12.1677 -18.4218 -14.8124 -9.3962 1.21143 -16.7014 -7.09311 -2.67092 -1.95225 -3.27161 -13.9567 -0.858101 44.5085
-12.1211 -18.8833 -12.5009 -8.60497 4.76007 -20.4537 -7.04018 -13.4134 -12.2641 -6.37932 -12.4394 5.91846 44.3302
-13.9028 -15.9169 -8.81113 -5.67794 2.76453 -15.3947 -6.18374 -11.6836 -10.6019 3.25712 -7.71595 -2.57227 42.7754
-12.2147 -16.4449 -10.2703 -11.2722 -2.53099 -11.5135 -7.61696 -17.3574 -19.1869 1.75963 -3.06903 -1.1308 43.7438
-11.6311 -14.9431 -11.4172 -9.77011 -7.66966 -19.243 -10.6974 -12.3584 -16.2646 7.09228 -3.07595 0.204878 42.5173
