-12.1631 -7.47627 -10.5072 -5.06377 0.214891 -6.77681 5.17714 2.44861 4.84817 -1.70155 11.3235 7.02858 74.0547
-18.6812 -4.15872 -5.29339 -2.38263 -5.00581 -9.35682 -9.89416 -4.38349 0.923948 2.43843 -3.77723 -0.767286 32.5441
-17.4906 0.613033 -3.17786 -0.63798 1.6996 2.11304 -0.330108 -1.25349 -0.441016 -2.36293 -0.118653 3.19939 33.5918
-14.1374 0.842572 -4.5056 0.529473 3.82606 1.03592 7.86533 -2.06494 -2.46208 4.38627 7.13551 5.07736 35.4161
-13.8692 -0.159278 -0.832425 -7.84304 -3.51955 0.631959 3.69061 -6.16363 -11.3283 3.67928 3.99344 6.29367 35.0181
-13.6139 -1.35661 -6.58447 -2.98133 -3.96743 -3.05085 -0.0856609 -2.23031 -1.94172 1.54761 5.61487 0.68058 35.0442
-9.76183 -3.69501 -8.73993 -7.14455 -3.77696 -4.17878 3.47033 -3.32377 1.90406 0.0344634 -1.17033 4.69991 36.8483
-10.5767 -1.68398 -4.42744 -6.87725 -5.0592 -6.90756 4.49778 -3.8104 -2.2228 0.088992 -0.0175364 3.98378 37.0232
-11.6868 -3.15575 -7.61038 -6.46826 -5.22957 -5.19952 4.65359 2.28146 0.375505 2.64236 1.97104 0.876077 37.776
-10.4551 -0.90469 -7.47163 -9.91746 -3.51058 -3.76955 -0.833504 -3.23729 0.184659 3.53838 2.0014 -0.0615488 37.4511
-14.0727 -0.614852 -7.32715 -12.5244 -1.14378 4.259 3.33672 -7.04649 2.71677 12.8 3.84599 3.04591 34.6985
-16.4493 -2.6854 -2.47668 -2.78266 -4.46217 -3.59307 4.88802 1.63594 10.1258 12.0188 2.24846 9.58562 32.2208
-14.6092 -3.64194 -8.01063 -6.46818 -4.12323 -2.93354 5.32454 -0.595687 8.07798 12.3303 4.79268 4.23508 33.9495
-13.3526 -5.15619 -10.1048 -1.1572 -2.7198 -7.76504 5.82911 -0.371651 4.6684 5.71593 0.551078 5.96837 34.7864
-12.0601 -4.55315 -5.6298 3.41921 3.28654 -9.02341 -9.7532 -5.43033 1.91929 -2.63981 4.29007 7.71395 36.7877
-9.9538 -3.26439 -4.94871 -6.59757 -6.62614 -8.22563 0.732603 -7.12789 1.95393 1.25953 -1.17986 2.25207 38.1756
-11.3902 -2.01148 -2.30465 -2.37278 -5.81594 -7.33156 0.810437 -10.6502 1.15512 12.9707 -1.13458 -1.40834 36.1148
-13.6224 0.828894 -1.8702 -3.86545 -5.17765 -7.09502 1.78455 -2.03552 -2.13269 4.24431 5.19944 8.16847 33.7716
-14.1735 -1.49418 -4.21496 -4.74457 -3.33246 1.35723 2.42867 4.24304 1.44861 0.429503 -4.85518 -0.166974 34.9479
-13.7826 -2.68586 -3.46831 -7.01665 -9.14998 -2.79763 10.5008 4.22945 0.180215 1.60401 1.46573 4.58521 34.8369
-8.39398 1.10569 -6.94795 -6.13793 -10.0114 -12.5793 9.77405 -6.25852 -1.42541 -2.47498 -5.08555 2.33638 38.0401
-12.8053 -2.7876 -5.39328 0.727262 -2.7425 -6.17707 3.10728 0.864687 0.583677 2.71927 10.4849 5.44025 35.8376
-10.6432 -6.38625 -8.16223 -4.81754 -0.918509 -5.1078 0.985759 0.143969 -2.56753 -1.26056 3.2775 6.64375 38.3517
-9.69084 -5.09895 -10.0664 -3.20859 -1.32614 -9.54663 3.35006 -1.26876 -4.95711 0.210298 1.25569 5.55897 38.54
-11.2532 -7.37843 -10.6564 -2.86793 -0.233629 -6.46631 1.56979 -3.74492 -6.18144 2.76573 -0.763634 2.42462 38.3425
-11.9493 -2.8297 -10.1186 -6.52139 -2.04062 -3.57951 5.33967 -2.32083 3.83258 3.60306 7.04787 5.27977 35.5409
-8.23508 -6.21854 -8.97688 -7.83045 -4.7981 -3.09687 -1.43082 -4.92073 0.489862 -2.92104 3.1067 -0.509058 39.018
-9.19699 -5.22292 -9.93471 -2.45817 -4.18635 -5.55804 -0.733543 -1.00724 3.3547 2.25559 -1.86205 1.52826 38.366
-12.7713 0.0345942 -4.37473 -2.79621 -0.58209 -11.3223 -4.13933 -4.12478 6.00387 2.8576 0.0879407 3.57093 35.7157
-14.3088 -2.35918 -2.96541 -4.09899 -0.0290356 -1.18265 1.75641 -4.73657 -1.81967 7.86381 4.41707 -1.44731 35.4289
-14.903 -0.706961 -5.66514 -4.41389 -2.68483 -6.02793 2.7371 -1.26692 -4.63565 -0.0198438 3.60812 9.23084 34.7894
-14.8833 3.23308 -9.6209 -4.65675 -2.91544 -0.411459 10.6968 -4.14228 9.80619 -0.596687 5.75174 4.34897 34.8937
-9.36869 0.294995 -7.3105 -13.7344 -5.79909 -3.20531 3.52559 -8.68566 -0.186917 -2.31859 -1.62584 -0.742549 38.6676
-17.948 -8.56811 -3.76752 -0.544945 4.13874 -1.48637 -3.60373 -5.33881 -0.698999 0.254288 4.06455 3.79161 41.8658
-23.3895 -12.1078 -5.42911 -3.86763 4.85017 -2.24869 -6.97606 -5.08067 -0.151189 1.57369 6.27529 3.6839 46.3586
-24.5557 -12.107 5.37279 -9.44603 4.92708 -7.56712 3.46459 -0.0856375 2.45404 -1.79857 -0.736601 0.808436 46.3969
-17.4652 -3.32551 2.02325 -8.2553 0.310303 -2.42493 3.3959 3.60115 -0.227383 4.52216 2.54175 1.69271 36.1377
-18.2374 -4.73759 1.46075 -11.5262 -2.08776 -4.08834 -1.2988 2.99559 3.65428 8.63035 6.86175 0.593595 38.249
-20.2071 -6.75348 0.315703 -12.2224 -1.59239 -6.56025 -7.73106 2.17532 5.3518 5.61087 10.4156 1.75092 44.3388
-19.272 -2.34039 0.246941 -16.018 -0.36322 -2.68867 0.078723 -3.08693 3.60138 0.871952 5.51508 2.68032 41.2544
-20.0326 2.0893 2.63148 -24.7862 0.526782 -10.4321 3.42533 -4.09946 1.1197 0.210271 6.8661 0.780105 40.9781
-16.3236 2.74977 -4.43951 -14.2012 -1.77603 -7.80457 -2.53008 0.923276 -6.17021 -0.179416 6.19706 -4.64008 41.2007
-19.1461 4.6724 -6.39268 -10.464 -0.0810908 -3.19558 -0.367468 -7.62066 -0.291344 -2.11753 5.60976 -1.22335 41.8006
-13.0245 1.56254 -7.13697 -13.3498 -6.66048 -10.4719 1.2976 -5.91285 4.54199 -3.65593 2.62539 -0.552229 40.4322
-10.0594 0.890189 -2.65926 -1.25705 -5.08439 -10.3228 2.94751 -3.31789 -0.511107 -3.69702 5.63986 -1.20139 36.5091
-11.3254 -4.57692 -8.93176 -9.3925 0.634052 -4.90907 1.83978 0.551488 -4.18551 6.22718 5.5063 0.0981995 38.0875
-13.9434 -1.88661 -5.92767 -13.3322 -3.13447 -7.52054 -0.619264 -4.53548 -1.532 6.58789 6.02119 1.12848 39.3635
-10.7123 0.528635 -3.23982 -9.23394 -6.61044 -9.44394 -1.26611 -0.907253 -6.7988 2.0223 1.86839 2.86199 38.5446
-9.89777 2.93188 -4.10375 -13.455 -6.15579 -9.86849 -4.91096 3.43835 -4.20978 -6.04829 1.96708 3.52342 37.9445
-12.2335 -0.0241175 -2.89259 -4.40409 4.99916 -7.86329 3.41109 1.27677 -11.4086 3.98014 0.508215 -4.57504 35.0977
-11.105 1.38388 -1.75699 -12.9543 -9.03226 -6.17876 1.33726 1.31429 -4.308 -3.69445 -1.82542 -2.46793 38.2872
-9.42166 2.46631 -1.96934 -11.6409 -4.36203 -8.75881 -0.634456 -1.94159 -7.46783 -0.860572 -2.32846 -3.98888 39.5255
-10.5084 -2.87534 -6.89936 -11.8605 1.01188 -12.3395 -1.48118 1.43315 -6.42608 2.01757 4.56477 0.849799 39.5462
-11.5455 -2.1374 -4.81715 -8.66727 3.06292 -11.1794 -3.6337 -0.606115 -8.72372 2.16199 5.62834 -2.29545 39.1999
-12.3521 -3.97602 -2.16258 -5.67671 -1.77178 -15.5782 -3.97914 -0.849203 -0.352246 7.489 -1.56123 -1.77101 39.4656
-15.1871 -0.140198 -3.29368 -9.60744 3.3104 -4.89802 5.21274 -2.05315 2.31933 3.42756 1.55985 -4.01225 38.3
-9.78494 3.76707 -7.3623 -17.9328 -0.348211 -15.9638 -5.35644 -4.31289 -8.98607 -6.71835 0.0309005 -9.34714 44.5344
-12.3564 7.33087 -8.59705 -19.4412 -3.71649 -22.6514 -7.03922 -7.61539 -8.81713 -4.11134 2.88559 -11.5331 48.9702
-10.8151 1.9398 -6.32845 -21.6804 -6.34457 -18.3904 -8.06982 -5.91967 -4.60713 -1.87717 3.22289 -10.8808 51.1007
-8.78208 5.72412 -9.87035 -22.36 -3.88094 -18.1819 -11.5268 -4.81274 -5.82805 6.70387 -0.89554 -12.457 49.8377
-9.04709 7.45859 -8.29158 -24.525 1.39152 -18.9534 -7.50917 -0.582551 -5.35903 -0.963391 -1.25128 -10.7287 51.1954
-10.3993 10.4587 -8.44895 -23.8106 0.404233 -18.3475 -10.2509 -1.83117 -9.9074 -3.70634 -0.204098 -11.4452 50.7871
-10.0672 9.31609 -6.9484 -25.7442 2.26994 -19.0395 -10.6567 -3.87948 -11.0955 -0.332957 -3.71122 -15.0841 51.0159
-9.16624 6.66864 -7.49848 -22.2678 1.42514 -17.9492 -6.44703 -10.1434 -3.42374 -6.46293 -1.0982 -8.33002 52.5151
-10.4439 5.29258 -6.40278 -26.6476 1.58899 -18.9843 -10.6932 -9.86414 -8.70821 -9.74844 0.788117 -13.3274 53.6758
-10.5456 4.53092 -4.45103 -26.9729 1.28204 -17.0558 -7.67854 -7.63997 -8.76843 -4.78876 0.652749 -11.8844 55.6677
-10.6148 4.87079 -4.56609 -30.8147 4.33141 -16.9398 -7.00996 -11.1478 -5.73425 -2.43471 -2.21037 -15.6852 57.4088
-10.8479 1.4756 -4.04244 -33.5715 6.86849 -13.6865 -6.82943 -10.906 -5.72836 -5.61792 0.386919 -11.5842 58.7807
-10.5395 -2.92755 -3.47933 -30.2466 6.44913 -15.6506 -6.47811 -9.62194 -11.6411 -6.87013 -2.90688 -13.2885 59.8518
-10.3363 -5.81016 -1.86156 -28.7544 6.37516 -6.62897 -7.45423 -7.04612 -8.45543 -8.34133 -3.58887 -6.42759 61.731
-12.0652 -6.25991 -5.43192 -26.8627 3.31699 -3.24511 -8.48115 -12.3057 -8.70195 -13.6056 -4.07876 -10.009 62.4962
-12.3868 -11.1695 -5.75788 -30.9005 2.74097 -8.21993 -10.4629 -12.7523 -14.3229 -10.986 -8.73277 -10.4061 63.239
-11.4217 -14.0308 -1.76645 -28.3256 2.30691 -4.95104 -10.6162 -11.9877 -8.93939 -7.96189 -8.30812 -3.7104 63.5429
-11.6714 -15.0396 -1.91035 -27.8621 4.06892 -7.00413 -8.11198 -14.0273 -7.52068 -6.23679 -3.83209 -1.75583 64.0603
-11.9655 -17.5449 -1.07419 -29.3279 4.2545 -5.80781 -10.3815 -15.4753 -8.37023 -5.27009 -4.77645 -0.844693 63.7582
-10.8823 -19.3366 -0.112806 -25.6729 5.99156 -4.52307 -6.99398 -15.0598 -6.10072 -1.26299 -4.40123 1.80413 64.1829
-12.3748 -19.0747 -1.75803 -24.8192 3.89987 -3.39924 -11.3492 -12.9952 -8.90418 0.715429 -8.52965 1.13531 64.063
-12.5947 -20.3335 0.0106658 -24.9969 3.06935 -6.17054 -11.676 -12.1827 -7.82463 4.16381 -6.27557 2.19214 63.924
-11.1082 -20.4605 2.7241 -21.2317 4.99059 -4.20327 -8.2389 -8.98902 -6.3032 8.11162 -2.80011 4.09941 63.4281
-11.3106 -22.7491 1.99987 -24.1141 1.20952 -5.17136 -9.11088 -10.5973 -10.0814 8.35864 -5.39251 3.32896 62.1722
-9.12432 -23.0709 -1.55718 -21.0327 -4.29255 -3.40543 -11.6596 -11.578 -13.1937 7.72489 -6.9992 1.70043 59.953
-9.59879 -22.1269 -2.12935 -23.0216 -5.18212 -7.38285 -10.7104 -14.5254 -14.0804 2.85048 -5.4271 -3.4589 59.0419
-10.2401 -17.6294 2.45651 -21.9911 -3.1242 -9.24241 -12.4692 -16.5237 -18.1552 4.98101 -8.75484 -0.809462 55.3975
-11.0834 -8.99003 8.0953 -14.0766 -11.3137 -3.03867 -6.2454 -13.4546 -8.2122 4.77574 -6.53199 -5.948 50.7838
-15.0057 -3.83008 3.25019 -5.26096 -2.54511 -9.30118 -6.88321 -13.726 1.48435 0.418749 -5.19171 -8.0743 49.016
-16.3919 -3.51918 3.14999 -7.67083 1.49555 -7.02917 0.11031 -11.7337 -9.61734 -15.9695 -6.35452 -3.54552 48.936
-18.0452 -2.54183 -3.84472 -11.8235 0.726862 -12.1021 -6.14066 -9.51272 1.46638 3.69111 6.29061 -1.44795 48.9062
-16.5121 -2.14339 -2.01759 -12.222 2.33502 -15.5433 -16.4946 -8.29111 1.73056 -8.39014 -1.07491 -3.85051 49.6053
-16.4939 1.38473 0.504037 -8.29213 0.736624 -15.8905 -7.84298 -19.5249 -6.36562 -8.91724 7.58296 0.471571 48.8827
-17.0947 -1.24084 -3.97279 -10.7556 2.58956 -10.927 -2.24127 -13.5473 -7.01924 -6.63196 4.37031 -4.26084 48.5338
-18.1054 -1.79514 -2.46505 -19.3915 0.626355 -10.2206 -11.7772 -12.4286 -0.148335 -6.93813 -2.50985 -7.61647 48.1991
-19.5457 -2.71551 -3.56252 -13.8539 2.58184 -6.66313 -4.72675 -14.8113 -1.51805 -4.88573 3.00012 -7.73261 47.3742
-20.1239 -3.32256 -2.31873 -10.8648 3.85675 -7.79374 -0.882558 -17.4774 -2.78683 -8.08545 6.62676 -0.182357 46.5114
-16.066 -0.601506 1.6237 -14.7566 0.615892 -6.70155 -10.0513 -17.3351 -0.0623531 -2.69335 3.04622 -9.8583 47.0415
-15.0077 -2.13017 -5.12253 -15.8896 -0.802568 -9.05837 -6.35941 -3.43445 2.28567 -8.00848 -2.57686 -1.89582 47.1713
-16.1171 -1.0921 -0.550576 -10.6619 1.8979 -12.7279 -3.81372 -7.03891 -0.546958 -4.46117 1.7802 -8.23032 46.3019
-15.8228 -0.0580425 -3.93888 -10.3836 -5.14799 -13.8616 -3.69798 -10.1633 1.21126 2.58071 5.30326 -5.24073 46.0566
-17.1315 -0.693984 -3.68326 -12.8336 0.42691 -8.92473 -8.72257 -11.4029 1.31403 -4.26757 -0.945691 3.75252 46.6213
-16.9564 0.038614 -4.36821 -14.8699 4.39384 -6.43476 -7.15417 -9.41692 0.840166 -5.78707 -1.64322 -0.861146 45.6268
-17.4282 -2.82693 1.58959 -9.13925 5.87159 -9.95642 -1.58523 -10.2088 3.33442 -7.56076 2.69982 -3.79135 45.9057
-15.8995 0.583891 -0.642915 -11.0176 -3.58743 -15.2456 5.40415 -5.76542 -1.24013 -10.9497 -0.989608 -1.01767 45.7711
-15.4366 0.592613 -4.0997 -12.9828 -1.48139 -11.1038 -4.22884 -8.00863 0.347287 -2.20663 -4.98468 -6.13609 46.74
-15.2656 0.154579 -5.9209 -13.8619 9.98677 -9.61888 -5.44885 -11.2902 -6.11411 -4.35015 6.44648 -7.25457 45.587
-12.7595 2.23941 -9.2149 -12.1794 3.1838 -15.7976 -2.25869 -10.7424 -3.48614 -4.22703 -4.39277 0.75381 46.739
-12.9442 3.50427 -2.53207 -18.5306 -3.62966 -19.035 -7.52897 -16.8235 -8.17031 -2.50283 0.354823 -1.45789 47.9209
-14.0689 1.5244 -4.28345 -14.6828 -3.52872 -5.91554 -0.661542 -7.37472 -2.50677 -8.15644 0.866371 -4.60968 46.0042
-18.3293 -4.01347 1.65441 -13.3345 -2.31511 -5.09011 -6.54605 -1.77677 1.75616 1.43075 7.99986 2.92642 42.5181
-12.4037 -5.95562 -6.47832 -12.5449 -1.74015 -3.15602 -6.33559 -1.95234 3.3257 2.68339 -6.16784 -1.65809 42.1009
-15.8574 -3.14414 -2.78166 -10.6293 -0.246911 -2.55493 1.10071 10.5321 -6.3506 -3.21301 2.59308 0.781846 37.4818
-13.8569 -1.00813 -8.34801 -3.18925 -5.37956 -4.06188 -0.793863 -3.62906 -1.16796 4.13098 3.66142 1.49378 36.3761
-8.72028 -5.6686 -12.5952 -5.08802 -3.31756 -6.4432 1.23891 -1.57653 -3.87663 3.74842 -0.133859 3.33769 39.6814
-10.5412 -1.74485 -4.35344 -4.65496 -6.95913 -6.27835 4.12377 -5.53904 -2.55458 4.27043 -1.01711 2.27212 36.8299
-10.6638 0.448434 -2.42929 -7.31605 -3.29454 -3.39318 0.954652 -8.5799 -6.07814 3.52031 0.531459 -3.03663 37.1163
-14.0011 0.211613 -5.74991 -6.95473 0.920084 2.19927 9.21508 -0.397533 -8.11738 5.71253 8.04071 1.14596 34.1019
-14.1796 -1.13659 -2.47026 -5.35185 -2.23562 2.26807 4.88625 -11.181 -3.90106 6.36852 8.92911 2.54078 33.7756
-15.9805 -1.63252 -0.464176 -4.66017 -3.71728 -6.72614 0.0364977 -7.73256 7.98903 3.29184 10.2561 5.34695 33.7732
-9.63826 -2.88842 -6.17681 -8.33508 -4.58084 -5.29725 4.99468 -1.91982 -6.92733 2.35431 1.29879 1.68104 38.7098
-11.8098 1.58734 -2.45636 -4.47484 -4.62344 -6.37472 7.40115 -4.0138 -4.18265 -0.263782 -2.58391 -5.25603 36.2664
-13.7871 -1.9156 -6.96374 -5.90868 -3.83054 -5.61831 3.23101 5.17773 1.93469 3.33441 2.30974 5.40832 35.1474
-14.5429 -2.73773 -5.90395 -6.90016 -5.59172 -6.41391 2.00885 -5.01516 8.66058 11.8805 8.82235 12.1451 33.768
-14.2434 -1.51991 -5.37489 -3.96082 -4.24383 -8.48123 5.93936 1.9776 0.439875 12.6622 6.93292 11.5228 34.5021
-13.7082 -2.60373 -7.89151 -8.26004 -2.80871 -4.86084 8.25437 4.60746 2.34519 11.0317 7.34108 3.28438 35.0374
-13.8849 0.139184 -6.20809 -5.82189 1.57562 -2.20881 4.00909 0.502108 -0.911108 0.914812 4.9582 0.0224718 34.1077
-12.1959 -4.22619 -9.31644 -8.46305 -0.971688 -3.06218 5.08856 5.41134 10.5287 6.24982 3.60994 2.85273 34.8406
-12.1335 -3.68565 -5.78155 -7.96664 -5.13803 -8.99952 9.80365 -0.640378 6.49702 7.76236 -0.80312 -0.61473 36.1139
-12.7794 -0.911568 0.683311 -6.2784 -4.2109 -10.9294 1.11019 -2.44542 -0.620924 4.14087 -1.65138 -0.0349493 35.8135
-13.9173 -2.28853 -4.44465 -7.37923 -1.92937 -10.5614 -0.149705 4.15318 2.19096 6.62658 5.21703 0.321245 35.619
-13.6704 -4.53801 -3.49139 -4.81445 -7.10762 -7.04751 3.24863 -2.4303 1.89675 8.6191 10.5743 10.3794 35.6833
-12.5829 -0.601027 -5.70384 -6.55607 -7.24258 -7.80098 9.61369 -6.93733 -6.92643 6.3337 2.37082 -1.30846 35.1538
-12.3706 -3.688 -7.40104 -10.4992 -5.88712 -2.13141 3.78961 -0.210617 3.51079 1.8833 2.89172 7.27163 36.4997
-10.2523 -1.96031 -5.36171 -9.09339 -6.00351 -3.17377 1.17779 -1.47407 0.622172 -0.4006 -4.51625 6.29773 36.6665
-9.06154 -2.08257 -4.75243 -10.1372 -9.55664 -4.55789 -1.14486 -5.44283 2.64338 -0.184212 -4.47024 6.44957 38.2228
-13.6702 -2.00668 -0.364483 -5.9613 0.362623 -3.91808 7.33168 -6.06686 -1.0278 7.80287 2.98728 -0.297068 34.2465
-15.8324 -2.44834 -3.30481 -3.72834 -0.657775 -4.69423 4.06163 -0.453844 2.42382 11.1603 4.92434 7.81865 33.5024
-13.3099 -4.91312 -5.31801 -4.70695 -3.91902 -6.13682 4.69929 -1.64137 -0.0916272 6.34737 0.456946 6.9114 35.341
-8.78716 -3.64897 -9.13805 -3.81565 -6.62597 -6.53956 -2.92567 -6.78278 1.06582 1.91032 -4.94895 4.69839 38.6649
-12.6756 -4.10686 -5.47203 -3.33784 -0.59223 -1.7109 4.65128 -3.29161 -2.07376 3.78239 -2.85156 7.08636 35.8529
-10.4175 -3.05507 -4.48172 -5.77203 -3.76208 -7.92885 -2.90805 -4.99086 -5.15922 5.31067 0.500824 1.35962 38.2552
-13.1114 -2.45208 -3.25461 -8.78682 -1.82081 0.385095 5.69218 -3.1668 -2.85396 5.6896 6.83776 5.50701 36.6368
-12.8776 -1.85274 -7.25202 -6.99619 -1.53531 -1.76253 1.92271 -1.35423 1.85113 7.87514 1.04488 0.98419 35.5576
-9.59204 -1.24579 -5.18594 -5.81627 -3.12306 -8.0593 3.49847 -0.87688 -5.6305 6.00592 -2.20274 -0.501142 36.5854
-9.16813 -5.57057 -8.9383 -6.9966 -6.16571 -6.4972 0.428343 0.676172 -3.36939 5.82557 -2.11094 1.78259 38.4189
