-12.1653 -7.47779 -10.5104 -5.06658 0.212292 -6.77564 5.17963 2.45526 4.85026 -1.69674 11.3308 7.02729 74.0542
0 0 0 0 0 0 0 0 0 0 0 0 0
-10.9785 -2.6078 0.890815 -0.543295 -0.929728 1.66832 1.20411 0.113822 -3.09897 2.55243 -3.36355 -4.46509 26.6127
-12.5923 -2.81453 -3.1097 -9.05611 -6.57622 -4.64825 4.31703 0.588588 -3.87251 11.7863 -1.49539 -0.37057 34.0589
-15.8941 -5.5924 -7.37264 -3.24116 -6.18991 -6.42625 3.79465 -5.7641 -2.42109 5.69746 -0.647229 0.534231 33.5671
-17.5335 -4.65968 -4.12842 -1.86994 -5.41364 -8.09459 0.935563 -3.6341 -4.95853 5.42427 -4.76072 3.82725 32.1924
-14.7613 -2.03401 -1.17437 -2.92506 -8.94814 -17.2041 -3.51997 -1.02944 -2.84632 10.489 -2.35025 2.01598 34.3928
-15.5977 -2.72852 -3.06611 -3.50252 -0.585998 -10.1916 -1.44754 0.0754312 -6.85111 12.6316 0.137597 -0.665155 34.974
-13.9229 -2.49556 -1.99202 -1.14739 -1.7416 -14.0071 0.504333 -4.23105 -7.41018 5.76553 -1.37215 -1.62729 35.1659
-15.1393 -4.69778 -4.71695 -5.91538 -8.30056 -7.85224 7.29183 -1.97048 -9.80337 14.2243 6.05493 -0.982106 34.1785
-11.2235 -6.44342 -8.28701 -6.64817 -11.933 -12.1161 0.600475 -3.97776 -5.1928 6.69948 2.98685 1.26044 37.2675
-15.3387 -2.5015 -3.75299 -9.94931 -8.57144 -16.0418 2.71795 6.05844 9.83194 11.1431 -1.12723 -4.38443 36.5601
-14.0992 -1.3966 -4.83207 -12.021 -10.3927 -15.4519 -0.71486 7.51921 10.8193 10.3332 -2.42824 -3.37604 35.601
-14.9917 -3.41618 -3.58086 -8.63164 -13.446 -15.4635 6.30003 6.03245 -5.40059 3.37751 5.14661 5.37741 34.2052
-16.9281 -8.87519 -4.9799 -7.99905 -4.41601 -10.2362 7.82457 11.852 8.30597 13.5617 3.74331 0.993267 32.4949
-15.7133 -5.58592 -2.02877 -4.55043 -5.07507 -7.38631 -0.180751 1.40774 0.51444 5.67493 5.56528 2.15075 32.9227
-13.9927 -4.20845 -3.3053 -5.44278 -2.05733 -9.46 0.0209727 -0.589312 -1.31125 11.7465 -0.355247 0.953743 33.1453
-15.8606 -2.59713 -0.104691 -4.55573 -11.0833 -10.5992 1.00644 2.944 0.149642 7.7858 3.33548 3.69276 32.7387
-15.6472 -4.52971 -2.7528 -4.27354 -7.3087 -5.52459 -4.28621 -3.93402 3.86145 13.0373 2.71716 -0.874451 33.7812
-12.6149 -1.39586 -1.40603 -2.80307 -9.54914 -7.14699 -3.62964 -8.69648 2.06525 3.5197 -1.42917 -4.34749 33.8942
-12.7139 -2.39951 -2.71887 -6.09368 -10.4949 -12.2032 -2.27278 -3.1687 2.96634 6.79321 -5.68275 3.3763 33.4576
-14.884 -2.56091 -3.24857 -6.3146 -10.7785 -12.4971 -0.151142 -0.0762438 -1.64556 3.81679 6.53893 5.26873 32.9228
-16.7378 -3.99803 -4.19214 -5.52957 -9.44193 -2.1902 8.25091 4.8583 -0.542403 8.39986 10.4851 1.84453 32.2848
-16.9584 -2.14677 -7.91737 -1.55951 -3.82756 -6.52159 4.21244 4.2393 1.15296 8.66432 1.346 2.20362 32.7836
-17.2455 -3.66156 -4.17347 1.72825 -4.83881 -2.52154 5.67086 -2.80702 -0.221479 1.91744 -0.799028 2.0394 31.5769
-21.3216 -0.102533 -2.9223 -6.04894 -0.743019 -7.63222 3.40568 -4.2383 0.214049 0.84926 7.97329 -3.60595 35.4812
-18.4627 -0.543861 -0.506016 0.748087 -2.83406 -6.23512 5.76381 -6.03782 -0.725421 0.55796 4.88759 -4.37094 33.5902
-17.8128 -3.44364 -2.38955 -2.41491 -4.00212 -2.80946 5.29793 -3.24192 0.98957 3.30672 0.906392 -3.98372 31.8159
-15.5768 -2.68267 -3.47257 -0.673097 -1.30133 -0.762549 -0.556979 -2.4025 -2.64858 2.34901 7.35952 -0.914843 32.2894
-14.7204 -3.51667 -1.92015 -1.30331 -4.51657 -2.21372 1.21204 -2.82368 -6.71932 -8.53171 4.38546 5.01489 32.6881
-16.6652 -2.66631 -0.723636 1.57288 -1.89331 -5.18044 0.223323 -1.21096 -9.22674 -2.81189 3.88703 -2.08627 32.828
-16.3228 -5.41308 -6.36044 -3.11068 -6.83697 -7.53552 -0.432642 -4.10199 2.59651 3.96611 7.1447 6.99965 33.0153
-15.2999 -3.1397 -2.71914 -2.77256 -8.55595 -10.3659 7.06952 -6.07148 -0.524453 3.94104 0.733806 1.93723 32.0772
-14.3147 -0.0284677 -3.82901 -4.93684 -3.04071 -4.65135 3.42338 -0.271784 -2.85581 1.92678 -3.99966 -8.17337 32.9614
-15.187 -2.86594 -6.77942 -4.58518 -7.02218 -4.44004 6.66784 -2.10454 -2.64152 8.91893 3.53768 -4.58882 32.556
-14.6247 -4.47101 -5.58244 -7.15999 -6.28055 -2.64674 3.45251 0.799337 -5.83202 10.5158 6.72056 2.44713 32.3673
-12.979 -5.94409 -4.93995 -2.76691 -7.46323 0.190369 0.982831 -5.33604 -8.27377 -0.515225 -0.927041 0.888961 34.9652
-15.3808 -3.04771 -5.31151 -2.76215 -4.63116 -5.44185 0.0217753 -6.66696 -6.63526 6.87614 0.699807 0.693322 32.9231
-15.3091 -4.13526 -8.92261 -4.23017 -6.72446 -12.3586 5.63543 2.21367 -0.829348 7.11948 -3.42387 -0.443792 33.1314
-16.1869 -5.08856 -3.65091 -6.34862 -9.08434 -4.9097 7.17025 1.99154 2.53522 0.360922 -0.922006 -0.533664 32.3932
-14.7114 -2.8501 -3.31783 -1.33935 -10.2453 0.202272 0.277724 1.79601 -1.36168 6.86044 3.50017 -2.95522 32.3424
-14.6238 -3.82049 -3.78556 -3.61019 -5.84966 -2.89753 5.02988 -2.34168 -0.604298 8.28266 0.468518 -5.45489 33.6372
-13.718 0.628136 -0.533621 -1.88748 -9.24187 -9.38846 -4.43174 -2.06022 -0.674158 4.38122 -0.278749 -7.21438 33.1758
-16.0061 -1.67732 -2.21315 -1.82312 -4.65333 -5.40891 0.492151 -0.244526 1.22549 7.51284 8.57748 5.15827 32.4287
-12.7781 -1.75342 -1.65283 -4.4636 -6.23828 -8.5387 -3.57672 -6.26985 -4.43209 3.71122 1.66741 -0.456714 33.0572
-14.045 -1.04089 -1.80593 -0.251039 -8.54958 -9.94467 3.81663 -10.2846 -3.2031 1.62088 2.44873 2.26309 32.8627
-15.5509 -1.95327 -4.00441 1.49505 -8.87198 -8.79064 -0.332573 -3.39837 -0.630789 7.30214 0.766317 -7.88044 32.3304
-14.8076 -4.00659 -6.41432 1.16052 -4.02291 -5.8145 0.352148 1.92684 -4.37157 7.21783 4.62695 -0.800814 32.2558
-16.4796 -3.76273 -4.90598 1.69547 -10.1444 -2.89967 6.98714 -5.25867 3.53847 3.81179 -1.25098 -1.40991 32.1372
-19.2903 -2.72841 -12.2043 -5.73283 -13.0373 1.89566 7.68876 -11.0393 1.40693 9.67061 7.88861 -1.37501 40.2842
-15.6649 0.436064 -13.3441 -5.05858 -18.0765 -4.60797 0.924982 -12.5947 -3.37356 4.58135 5.6195 0.369662 40.0968
-9.9953 5.6122 -6.171 -2.06041 -15.2419 -14.8182 -10.1736 -8.22936 -10.5051 -6.24535 -4.57567 -1.13427 38.5148
-10.0907 6.91337 -12.4733 -9.94052 -13.1941 -24.9034 -11.0328 -16.2892 -4.65435 -8.94192 -12.2714 -3.91388 44.1851
-11.9744 5.84373 -14.648 -13.1642 -14.7006 -25.0842 -4.61279 -17.6733 -6.96334 -9.29063 -10.0813 -9.78132 47.0011
-14.1304 4.29501 -18.0073 -18.3249 -14.8229 -25.5108 -5.61122 -16.9455 -12.0951 -15.0805 -10.6975 -7.41152 49.4919
-14.093 4.13042 -18.507 -19.8426 -11.9087 -24.6238 -3.34333 -15.8736 -9.35994 -17.1946 -13.8478 -6.94408 52.2907
-13.9024 5.44037 -16.4297 -20.2587 -6.73969 -21.2408 -0.308129 -10.7874 -2.009 -17.0262 -10.8735 -4.54351 54.6491
-15.7434 2.4923 -19.9174 -22.8826 -5.12039 -20.9779 -1.49453 -16.1536 -7.98942 -18.1651 -9.67003 -8.99592 56.6057
-15.0673 2.18717 -15.9638 -20.6478 2.11489 -15.7205 0.643056 -13.5131 -6.24195 -11.9341 -5.11975 -7.15058 59.101
-16.3431 0.391975 -16.0032 -19.7873 3.23434 -14.3107 -1.45815 -15.5028 -8.20825 -10.8395 -3.5611 -5.80935 60.2113
-18.8171 -5.52082 -17.2713 -23.0026 1.77185 -16.8797 -8.60548 -18.2002 -11.4036 -14.193 -2.82201 -4.82763 60.9194
-16.0724 -3.31131 -12.5099 -16.264 9.95347 -8.69707 -6.11035 -12.5264 -7.43848 -12.1789 2.577 -4.62662 62.7997
-16.6095 -7.39448 -11.5952 -17.6159 10.3374 -9.72637 -7.86655 -14.2222 -7.15342 -14.2646 5.01588 -5.44619 63.1667
-17.7173 -11.7728 -13.9942 -19.5141 6.52524 -12.513 -13.5597 -17.1214 -8.1828 -17.9532 5.28921 -5.17181 62.6028
-15.6406 -11.8883 -8.82149 -14.5369 11.4186 -9.076 -9.1385 -15.7349 -1.7998 -14.8109 9.33578 -9.91151 63.8812
-16.0724 -14.7794 -10.8517 -15.9751 7.75872 -11.1572 -15.0552 -18.4837 -0.473762 -14.1179 4.72723 -14.2037 62.7367
-16.3561 -14.9404 -9.16867 -14.1581 5.64241 -8.98447 -11.1527 -14.7129 4.94651 -14.2971 3.79139 -16.5692 62.5631
-17.0744 -16.6494 -9.28255 -15.1901 2.52362 -7.12701 -10.6552 -14.6317 6.88692 -19.4672 5.80032 -15.8819 62.3769
-17.0862 -17.2663 -7.88493 -14.8408 2.04359 -8.08957 -11.4001 -13.7945 6.76996 -17.3066 4.08836 -14.954 62.4882
-17.2749 -17.4426 -6.80912 -13.2721 2.95103 -8.62938 -12.1511 -13.6632 8.30195 -14.3577 6.95799 -10.5407 62.4971
-18.4101 -16.7368 -8.77281 -11.8998 3.64969 -7.74346 -13.1912 -17.7487 4.11983 -14.365 7.14758 -5.45689 61.4698
-16.3533 -17.95 -9.447 -14.7891 0.828385 -10.8272 -12.5396 -20.3619 3.53592 -17.9831 5.89825 -8.89947 59.0952
-15.0037 -15.9906 -6.47692 -12.5804 1.92212 -6.3198 -7.59813 -17.8574 7.51876 -15.0928 5.86116 0.249141 57.3275
-12.9964 -16.0259 -7.35862 -11.9341 -1.26333 -3.00356 -6.59166 -16.9529 9.01007 -13.465 3.99147 -0.0480095 56.4195
-11.6579 -15.1725 -7.17712 -12.7934 -3.42036 -10.8446 -11.7763 -23.8237 6.61362 -12.9596 2.43396 3.19381 53.6896
-10.9129 -9.42626 -6.827 -7.33695 -1.08054 -4.18112 -16.1304 -27.1324 2.60152 -17.1979 5.78133 2.01001 47.5444
-10.0905 -7.6481 -4.91299 -11.6628 -2.36941 -3.29766 -9.36421 -24.3821 -2.92169 -14.2165 4.39686 0.169049 46.7435
-14.9819 -4.53822 0.528451 -8.96816 -6.90403 -12.8102 -4.88645 -4.9321 -1.72914 -13.5317 -0.700116 -11.2017 45.7125
-18.4884 -7.4683 -5.11424 -7.18097 0.0258159 -12.9185 -8.27108 -8.60375 5.45308 -3.59366 2.77482 -4.19248 44.1552
-18.5064 -5.90775 -9.10412 -8.84964 -0.160805 -8.45324 -8.40036 -9.03745 4.86346 -3.64144 7.66175 -1.15746 43.6279
-20.7133 -9.24966 -4.83695 -0.418131 -2.53391 -12.3734 -10.2973 -4.56509 2.93943 2.96333 11.215 1.09224 42.2424
-20.6017 -8.6977 -2.23544 -6.04226 3.09333 -12.165 -9.17979 -2.23281 8.455 -0.110138 5.06917 -4.12556 41.9386
-24.4653 -8.67326 -5.71754 -5.9992 2.24828 -1.98683 -2.7549 -2.71697 2.68384 -2.42602 1.26876 -3.99917 42.0849
-22.8127 -6.33431 -7.07948 -3.97311 5.03189 -2.32301 2.25931 0.40715 0.671699 -10.436 -1.97541 -5.40992 42.9784
-24.7184 -7.5448 -0.156745 -1.92591 1.15098 -17.2918 -3.34496 0.863895 3.61409 -11.6915 3.33543 0.635661 43.2998
-23.951 -9.40329 -5.03751 -4.19738 2.95165 -12.3894 -1.26323 3.23112 12.0639 -7.16207 7.04439 -1.22505 44.1834
-24.7532 -8.77326 -2.31824 -7.2288 3.36423 -9.95649 4.11655 -3.88638 6.27655 -0.375868 6.6328 -0.355947 42.5006
-24.0777 -8.22074 -5.04016 -2.85133 -0.646884 -5.62468 8.40162 0.362484 4.33651 -4.28917 1.09208 -8.28125 43.7367
-24.1409 -6.59333 -4.09492 -5.84492 0.498266 -3.14601 0.359372 -1.43605 9.35838 -4.19346 -0.40476 -6.10054 44.148
-24.3356 -5.91008 -2.69812 -9.48476 -2.99273 -8.77587 -0.120885 -3.81794 10.8135 -2.97039 8.73994 -4.52637 45.3092
-24.1641 -6.31622 0.531833 -8.2428 -2.30164 -8.36275 8.05428 -0.305365 3.56488 -9.23732 2.89445 -2.99775 44.7423
-22.3241 -10.1353 -8.38897 -4.32685 2.96021 -8.76951 1.45939 0.406649 3.25432 -7.88585 7.06931 4.75144 44.3258
-21.4424 -7.60695 -8.22324 -4.24888 3.71536 -4.89848 -3.29356 -7.93929 3.03674 -12.7023 3.90264 4.89975 43.3812
-22.7716 -8.76424 -5.67364 -9.2998 4.13736 0.978787 1.36285 -3.29235 9.77974 -4.94079 5.40776 -4.63997 44.178
-23.8705 -7.76772 -3.58295 -7.67515 0.674429 -7.62197 1.75722 -2.74755 5.1312 -12.6214 6.22474 8.59657 42.3242
-26.1907 -7.42938 -3.02249 -7.32012 3.4868 -8.32084 3.69526 -3.56449 6.37089 -7.46905 1.73944 -2.74625 42.0425
-23.5152 -12.1496 -6.05295 -7.24746 11.4813 -7.08218 0.898712 -1.64881 9.53831 1.03455 0.508951 1.28487 44.2921
-24.5325 -5.01379 -1.8932 -9.12945 5.91214 -11.6523 -4.44809 2.83465 6.43968 -1.83105 7.36783 -2.57339 42.1268
-23.1574 -9.81482 0.654676 -5.15056 0.15521 -4.81476 -7.47897 -13.3166 6.29086 -10.3711 1.08773 6.23445 41.4697
-18.8875 -7.10911 0.716082 -5.8259 -3.55787 -3.3299 -4.82419 -6.60657 0.352847 -6.36264 0.659406 2.75763 41.8078
-19.9293 -10.9197 -3.04568 2.58802 -2.39246 -6.13027 -0.809368 -0.443814 11.0275 0.503459 -3.59307 2.18375 37.6201
-18.0363 -8.91288 -4.00024 -2.35094 -1.55065 -0.609319 -2.40396 -7.82371 9.54696 -2.90871 -7.65861 7.41932 37.9937
-17.0328 -8.27796 4.78912 -3.12152 -13.3457 -8.4879 -8.9454 -4.6108 7.77756 -3.59953 -2.77487 8.84843 36.6678
-19.0026 -13.3261 -0.0536776 -0.693727 -4.83684 -2.84393 -6.44523 -3.50773 4.09102 -1.89706 1.92703 9.09193 35.9896
-18.1404 -13.8072 0.645467 -0.47806 -4.47553 5.51028 -6.35806 -6.60827 2.48961 3.32639 8.337 7.84812 36.1748
-16.6872 -10.5049 -6.39639 -3.78724 -0.427943 -3.26707 -2.40373 -8.44386 -2.1457 1.20437 7.24526 12.1182 35.2408
-18.2802 -9.44854 -1.7727 -0.371523 0.634786 -8.2832 1.55937 1.90795 6.83009 3.31618 2.78583 5.22291 32.2723
-15.1998 -4.28144 -2.5196 -1.94889 -4.05968 -4.06998 -2.60103 -10.9856 -1.58586 3.89027 2.9068 -1.74938 33.6421
-16.0933 -3.98043 -3.67829 -2.56373 -6.0543 -8.6772 2.43096 -0.878606 -3.25303 -3.17156 7.08287 0.322829 33.5789
-16.1359 -3.65037 -4.87195 -4.81819 -6.22898 -5.38097 0.68107 2.05246 -4.7655 1.51897 3.35652 4.61518 33.6279
-15.2954 -4.46696 -4.57205 -7.84931 -11.4779 -2.29717 6.98252 1.42103 -5.67727 1.23098 2.19282 4.1802 33.9394
-16.3426 -2.75759 -2.12925 -6.11245 -6.59787 0.289597 2.69889 1.53978 -6.33952 -0.456706 3.03249 -1.90361 32.2866
-16.3614 -4.62032 -4.35389 -8.19544 -1.8128 -2.96849 4.30032 -1.18765 -2.29459 8.67682 4.85758 3.20824 32.4608
-15.5221 -0.240637 -6.1749 -8.19867 -4.55781 -6.25642 3.20754 -1.92389 -0.939022 8.46832 4.53489 -1.61037 32.622
-16.6051 -1.0534 -5.13045 -3.04002 -8.31494 -5.82115 7.82727 -0.720613 -0.319188 5.55628 3.58906 -6.98017 32.4298
-17.2656 -4.89823 -5.82715 -5.67533 -7.63165 -7.2934 5.58407 4.92574 -3.83116 11.5234 3.8942 1.63471 31.5596
-15.3394 -3.96971 -3.68526 -4.42737 -6.51431 -10.249 0.482583 -0.530514 -4.25543 6.97061 4.15618 1.66075 33.1385
-15.1958 -2.67063 -2.15014 -4.60989 -4.06133 -3.39711 2.59495 2.55382 -7.95207 3.236 0.892757 6.68015 32.7569
-18.0508 -4.59755 -7.33967 -2.02577 -3.40797 -6.30439 10.4511 5.00363 1.914 10.7075 0.296668 -2.38274 31.1633
-15.8281 -2.12258 -2.46203 -5.09739 -5.35557 -4.44293 0.0688236 -8.94465 -8.32358 7.24899 2.06737 -0.0869452 32.8734
-15.6641 -0.524736 -2.30967 -2.20632 -4.17336 -2.85889 -1.7932 -1.16274 -5.28031 3.40918 -5.68807 -1.18596 32.3776
-14.9201 -4.67797 -8.03957 -2.0482 -2.7412 -6.44164 -7.5552 -3.02918 -1.51219 11.6668 7.37025 3.66423 32.3348
-17.5861 -4.75537 -6.30286 -2.58914 -5.11016 -4.9179 5.88801 -5.09859 -3.86276 5.64756 12.3844 5.74039 31.4195
-19.36 -5.79104 -4.89248 -3.32892 -1.89998 -4.40107 9.27257 4.32393 -3.93773 4.1016 1.42904 0.715948 31.5669
-17.0298 -5.6283 -3.36487 -1.58365 -5.16025 -3.93104 6.7616 -2.67617 1.97664 2.33725 6.77728 -2.28092 32.2583
-17.7391 -3.82031 1.25199 -1.60523 -3.12377 -8.19965 -1.93532 2.84327 -2.92706 8.14031 4.76246 -4.46568 32.1773
-15.9009 -3.95053 -5.27113 -5.03142 -6.93346 -11.0346 0.840147 9.5011 1.72472 5.06152 -0.407454 -5.02207 33.5697
-15.2232 -5.3026 -5.54428 -6.98152 -11.3964 -6.59105 1.58466 7.25049 -2.67136 10.8819 5.24693 -6.65028 33.6522
-14.3808 -5.27037 -4.30988 -9.65891 -11.4276 -10.0211 -4.75644 7.92852 10.1982 8.46118 2.81098 -3.56504 34.6783
-14.9808 -3.48783 -6.38485 -8.29486 -14.6262 -9.00548 0.581839 9.56278 16.914 4.3686 -1.46395 -3.33116 33.7277
-16.3576 -3.70703 -3.10709 -9.76704 -9.34781 -3.24484 8.06358 4.6673 3.20961 0.896278 1.13396 -2.15635 33.4388
-16.9656 -5.25258 -4.72987 -8.30724 -8.37372 -5.77218 4.52293 4.70462 -2.20745 1.13026 7.14571 0.220611 32.8021
-17.355 -3.77283 -5.80645 -2.78908 0.124198 -5.6656 -3.74691 -2.53195 -7.01579 -1.80722 4.48158 4.63147 32.7163
