-12.164 -7.47594 -10.5075 -5.06646 0.215669 -6.77639 5.18327 2.451 4.84552 -1.70004 11.3281 7.02317 74.0547
-20.0952 -8.00618 -5.9733 0.193109 -6.91403 -4.45059 -6.20145 -4.07521 -2.52227 1.63538 -2.12441 7.47069 31.0665
-18.028 -3.91625 -3.30544 0.628193 -2.84642 -0.362401 0.818775 2.50004 3.36358 3.96736 2.22776 3.56002 30.6079
-17.5203 2.83962 1.17781 -5.63273 -2.77585 2.57218 8.02423 -3.79255 12.9037 -6.53773 3.17515 7.71532 38.4101
-18.6085 -3.39712 -2.81054 -5.45054 -2.56415 -5.73521 -0.196302 -6.34921 16.3461 -5.28089 2.697 2.52129 39.5208
-18.2532 -3.71186 -4.70618 -6.63038 -2.5228 -3.23242 0.77829 -8.0812 19.6968 -4.9432 2.88273 1.26797 40.6703
-19.6789 -6.6627 -2.34779 -2.84117 6.53736 -9.46233 0.411005 -12.9506 21.4919 -9.07069 0.167133 8.92111 40.348
-20.817 -3.28437 -3.08581 -6.91101 -2.07768 -6.76877 0.791102 -2.06945 23.7709 -0.259987 -2.29142 4.32479 40.175
-17.6249 -4.60954 -8.55969 -4.22962 0.962346 -5.52628 -7.27417 -7.42754 25.2868 4.44509 -0.0692142 6.1283 36.2315
-18.6512 -2.63773 -1.89956 -0.770812 0.803607 -4.98883 -0.705913 -6.26288 19.3575 -0.450687 -4.92125 3.27275 36.1231
-17.4279 0.0542909 -2.79007 -2.55481 3.52623 -6.83011 0.206735 -0.691162 15.008 -4.25729 -7.29265 4.5911 34.3408
-16.6555 -3.37895 -8.55447 -3.30763 4.63487 3.43164 8.88872 6.45564 8.48216 -5.16757 -6.62727 11.3969 32.7987
-16.7112 -3.04011 -5.37103 -5.94606 -1.65182 3.27226 3.11133 -3.76425 14.1363 -2.44162 0.274672 11.5259 34.7192
-15.6546 -2.40662 -3.79225 -2.91501 -1.02901 -4.90185 3.05913 0.782817 7.05635 4.49716 -3.30633 13.058 33.4626
-15.0699 -0.514577 -5.77769 -7.61399 -6.52275 -4.94486 1.28209 1.30142 7.30816 4.3041 0.306098 9.49821 33.6541
-18.3788 -3.29784 -6.47588 -5.3259 -1.29238 2.99564 7.996 8.3385 11.9971 3.66226 1.40058 17.0265 31.6533
-17.678 -4.27701 -4.31228 -8.37933 6.77267 -4.25747 4.72033 -10.1163 11.1208 1.63038 -6.45808 19.4603 36.9599
-16.5589 -2.74158 -7.25686 -6.48426 6.68134 -4.20402 -0.9506 -16.5293 13.1941 10.3681 -4.1426 13.0566 36.4342
-16.969 -6.22671 -11.0291 -4.48388 4.22729 -2.5368 6.04279 -5.4358 13.8739 10.0039 -1.11929 9.53925 34.4557
-16.5302 -4.05203 -8.47804 -2.53589 2.92149 -1.21699 1.79283 -7.56713 18.5567 4.17557 -1.06498 10.2099 35.6079
-14.8389 -4.23491 -3.60198 -0.186199 4.54914 -5.95268 -1.84756 -6.11776 10.3582 -0.700097 1.14155 5.51484 34.0993
-15.4252 -1.60534 -3.92344 -1.86549 3.37253 -4.73114 -2.73544 -3.9135 4.23118 -1.47263 -5.51205 5.49488 32.7797
-15.9984 -1.98843 0.605815 0.152711 3.41527 0.275152 -4.09399 -2.64051 -0.265834 8.44911 -2.85657 3.5601 31.9077
-15.654 0.795402 -4.64796 -3.42636 -1.38605 -2.33478 6.27172 -2.02188 3.30345 8.71308 -0.334034 5.35643 31.4092
-22.2523 6.25634 1.85334 -6.53658 1.2063 -8.40474 4.90684 -6.8359 21.0211 -2.10505 -0.849005 5.36754 36.2498
-22.8303 3.67968 -0.796838 -6.25552 3.11629 -6.77999 4.92306 -10.465 20.0187 -1.99201 1.21641 9.08018 36.7864
-19.2167 2.90192 0.570217 -5.01128 -1.89281 -4.27772 -0.437591 -9.29625 4.81245 -1.89461 1.85392 6.07213 36.087
-23.6346 1.843 -0.101846 -5.08372 -0.644615 -1.45644 -3.34708 -8.33203 15.3473 -0.674289 4.34538 4.99895 39.3143
-18.8215 1.62568 2.24026 -13.1074 -1.20486 4.73556 -0.993381 -7.10639 13.1189 -2.94891 -0.45286 2.90079 35.9236
-18.5228 1.70514 -2.9246 -9.02669 4.08038 2.69529 1.93432 -10.6568 15.3456 -1.51937 3.73437 7.58676 35.9479
-15.845 0.895362 -5.83947 -8.15589 1.16676 -1.6799 -4.47028 -2.5697 16.7642 -0.167736 0.845553 2.63837 35.2021
-19.5653 0.352019 -0.808798 -3.70194 -1.54892 -5.84981 5.71246 2.63534 19.106 -2.70368 0.274 4.39165 34.764
-19.0143 -0.578012 -3.49694 -2.08438 1.85216 3.57095 7.00738 -4.59978 15.0756 2.76967 -0.125923 -2.07913 34.3346
-17.9495 0.977564 -1.09628 -1.94818 0.506172 -4.85828 -0.00015993 -5.42683 8.92616 -1.38291 0.593418 1.16562 33.6559
-17.9357 -1.24953 -5.97787 -3.5524 -4.91206 1.51127 4.29553 -3.07653 17.5144 0.950658 2.64533 8.46375 34.9446
-17.425 -1.73348 -4.57125 -4.62581 -0.353845 -2.85189 5.71157 2.98052 11.9238 7.1251 4.73902 3.1423 33.4261
-17.2062 3.1873 -2.35682 -0.43657 4.55508 -5.77318 -1.01263 -0.00476135 8.41273 -0.280053 0.247544 4.18238 32.9516
-15.9601 4.27363 -3.09108 -2.26437 0.0388197 -9.43615 2.88025 5.19168 3.08621 -5.3054 -2.57022 0.236716 32.7512
-14.6552 1.21817 -4.5342 -1.01505 1.83651 -4.7346 0.965743 -5.88129 3.59664 4.34818 -9.92387 2.23118 32.1475
-14.8079 0.271868 -0.446858 -1.98932 -0.89839 -2.01602 4.98323 -3.9648 -1.31526 3.98895 -1.51845 8.36636 32.6137
-20.3631 -3.48877 -0.115908 -6.93593 9.25896 5.65205 2.23539 -5.6041 10.5413 -3.70955 2.17521 0.628986 36.2231
-17.2355 -2.30697 -4.51099 -2.58414 7.12627 -2.63088 2.1861 -2.90624 11.4195 3.36406 -4.7893 0.742026 32.7112
-19.9884 -4.43742 -2.15046 -4.08763 4.21528 0.273335 4.03424 0.967216 12.9984 -6.99823 -0.582949 1.2504 35.9967
-21.9538 -3.92421 -0.708359 -1.22835 5.21813 0.526405 0.259958 -7.12327 10.5983 -10.9549 -0.392094 1.75301 39.0254
-13.6806 5.42382 -12.3719 -7.27534 -4.97227 -6.926 -0.144253 -6.74312 6.3988 1.76136 -1.27016 -1.11116 35.7589
-15.7934 0.644754 -6.13881 -14.0956 -11.4652 -7.49414 -2.15896 -6.9143 9.23798 -12.1148 -2.6575 0.603387 43.4251
-12.206 4.66918 -16.1673 -17.6003 -15.6459 -3.40254 0.280284 -8.47299 9.55011 -11.4875 -3.48116 -1.2038 45.3603
-11.6317 8.64002 -24.1343 -15.9439 -8.72237 -6.74867 9.27142 -13.166 8.23811 -12.0676 -4.42142 -9.43686 44.7248
-12.6315 3.58287 -19.4096 -18.7501 -6.51272 -4.80352 10.9423 -14.9084 5.98558 -14.0971 -3.79216 -2.24915 47.1102
-14.9444 0.474041 -16.6298 -18.7837 -4.72194 0.832461 7.56814 -18.4525 3.35041 -11.1542 -2.15196 1.22362 50.3554
-13.5762 0.892715 -23.0815 -19.4956 4.01701 -8.38141 7.84083 -18.1089 -7.6382 -7.28435 -3.67874 -3.33173 48.9078
-15.3245 0.905673 -20.0804 -18.6983 11.7111 -6.18783 2.69176 -14.8298 -1.17888 -5.78835 -4.85732 3.92831 51.2376
-16.1651 -0.982253 -20.1477 -17.4874 8.77795 -8.24974 -2.61249 -17.2849 -0.426385 -4.93815 -5.18725 -1.72495 50.7769
-16.0376 -2.59642 -18.7442 -15.1937 3.84005 -6.27639 -1.12198 -14.0085 -1.85185 -6.83097 -3.32629 -6.74363 48.7624
-15.2048 -1.94146 -15.5927 -12.8595 4.40477 -3.66429 -7.73112 -7.45839 -0.292455 -8.00568 0.377087 -9.01074 48.5361
-15.7907 -4.5055 -13.8022 -8.81455 -1.17789 -1.41875 -11.8278 -4.21993 -0.780925 -8.2735 -1.3561 -13.0469 47.3832
-15.8935 -4.64936 -12.1502 -9.74092 0.884126 -9.41375 -12.6624 -0.235322 -2.16029 -10.1236 0.642235 -10.4616 46.7586
-18.552 -6.32321 -10.2376 -11.1996 1.39962 -2.1208 -11.2548 -6.0652 -0.987755 -3.98892 -3.25115 -7.04871 49.6911
-18.8637 -4.49329 -9.2424 -12.0315 -0.417607 -0.51531 -6.47004 -11.2517 4.74232 -6.10816 -3.99667 -3.90192 49.1087
-20.0988 -4.30373 -10.5029 -12.5717 5.17059 -3.68194 -3.1734 -10.6671 1.63217 -10.1452 2.22713 -5.86247 48.7731
-19.7951 -3.74872 -12.0699 -8.6307 1.43636 0.47248 -6.80009 -14.3263 3.14565 -6.37449 4.73054 -0.728895 50.1607
-19.4279 -4.94168 -11.9495 -10.2743 0.64376 0.888997 -10.3618 -13.9054 8.22544 -7.25822 1.79598 -1.87029 50.4172
-16.9267 -4.08974 -14.2324 -13.4934 5.63346 0.491592 -13.0997 -15.1065 10.7709 -11.5211 2.29043 1.80302 48.5452
-16.8474 -0.986598 -11.6758 -19.5013 0.93959 -0.462401 -10.6762 -11.0553 9.90977 -9.71453 3.21427 0.138195 47.2196
-15.3199 -1.72154 -14.2384 -8.93198 0.84577 -1.28293 -14.3968 -9.98878 12.6983 -11.9918 12.1648 4.42753 42.698
-15.0798 -1.95302 -10.4554 -10.7639 -0.0539389 4.74443 -11.6446 -4.62639 3.08301 -8.0309 10.3873 -9.5355 41.4564
-21.0001 -4.05344 -5.21958 -4.0696 -1.34407 -3.10553 -5.76108 -5.74604 11.1374 -6.32694 3.29695 -1.94339 42.9793
-21.4257 -6.97194 -8.09659 -2.95934 1.46306 0.701421 -4.7507 -7.9725 17.3804 -3.96619 2.29905 0.202335 45.0713
-22.7674 -7.18841 -6.20903 -5.16881 1.15209 2.48779 -6.74894 -8.32078 15.9477 0.516522 9.17189 4.05979 43.962
-23.038 -6.05839 -5.27056 -0.695924 4.70876 2.52093 -12.9253 -7.52529 21.2632 7.02847 6.24268 1.44452 43.5877
-23.9623 -7.88505 -2.88921 3.93025 4.35906 -0.972579 -13.6225 -8.03784 12.6219 2.12374 1.41702 -1.72319 44.6407
-23.8494 -9.48158 -5.34074 -0.958693 1.29084 3.96257 -8.17352 -10.2768 16.9413 7.61127 6.34714 3.93758 43.8295
-19.8561 -5.3151 -6.42714 -1.30672 -0.950013 10.306 -10.6865 -8.72805 12.3584 5.89583 -0.89137 -2.65272 42.1255
-24.7694 -5.80297 -5.0292 -9.51273 -0.622722 7.38707 -0.900852 -9.66039 5.47355 9.88984 1.87453 0.0598302 44.692
-23.945 -3.54709 -2.54494 -4.06355 1.17273 3.75419 -1.11194 -6.22704 8.35568 6.55338 -0.682174 0.657176 41.8231
-21.2754 -3.71938 -9.90112 -7.78829 0.752857 7.7656 1.26434 2.98661 4.48591 4.42298 2.25655 -1.2512 38.5978
-19.7625 -2.47755 -6.96228 -3.59718 -0.572643 3.73892 5.16636 6.82232 -5.36092 -1.47066 -0.894639 0.856966 38.0094
-19.1231 -2.00273 -7.27938 -7.69559 -2.70171 0.0129835 -2.98628 0.124589 3.31698 3.38005 0.775182 5.2216 38.921
-19.7256 -1.77162 -6.5454 -7.39128 -5.1112 8.18768 1.00778 6.68457 -0.270109 -1.57202 -2.48058 3.12195 38.0785
-19.5225 -2.10983 -5.64951 -9.20107 -2.40873 5.54028 1.23429 3.13859 3.27783 -0.78422 5.45063 7.71252 39.2603
-21.6914 -6.47703 -5.50743 -3.18999 -1.7401 -0.423314 -9.95647 -5.48382 15.4248 3.0624 5.25289 3.2804 41.2238
-20.4401 -3.25638 -5.007 -6.07099 -0.85307 3.93486 -12.3229 -8.36633 10.1667 8.47541 -4.8468 -5.32615 42.2815
-19.0676 -5.63893 -4.66785 -5.78218 3.88612 3.93244 -0.660942 -2.49227 8.67108 4.67105 0.95371 -4.24343 40.0293
-20.9552 -7.22142 -8.66955 -5.62092 3.21387 11.8023 0.270411 -11.695 4.28441 8.95895 1.71874 -1.91913 39.6863
-21.1697 -7.3028 -3.45509 -3.50519 4.14733 15.2172 -6.33107 -0.214587 -1.83169 1.23216 2.05978 2.64207 38.5471
-19.8907 -2.32884 -0.199979 -4.61734 0.104171 4.0133 -6.3115 -4.40252 0.534956 -1.68413 -1.53239 8.00969 36.4136
-19.0358 -1.6498 -6.96654 -9.02626 -0.435177 3.07004 5.74469 -1.56281 3.58046 3.6417 -2.21334 9.07551 35.746
-18.195 -3.24988 -2.6008 -8.40766 0.997306 3.38165 0.548051 2.25043 2.16246 6.50528 -2.77484 -0.792659 36.5326
-19.6426 -3.17748 -1.55223 -9.10288 -1.31409 5.02524 1.06664 -2.69781 1.58286 -0.953616 -5.60063 -1.29177 40.0467
-25.4928 -5.47644 -3.20789 -10.6379 -2.23949 4.36302 -3.43041 -3.50951 12.264 6.94612 -4.69704 -0.518462 45.9268
-23.4266 -5.23309 -2.57491 -6.80279 3.79702 7.31406 -3.41613 -6.42344 7.71644 6.01116 -1.0563 -1.55269 43.1453
-24.2356 -6.42761 -1.15086 -4.0004 5.99985 8.62461 -7.69926 -10.1412 4.25005 2.89586 -3.56498 1.04023 42.7375
-24.3134 -4.60479 -4.6774 -6.25734 11.0477 9.18294 -8.72464 -8.79989 7.20471 2.6557 -4.87331 -2.93813 42.8531
-19.467 -4.10121 -4.50931 -11.131 4.45683 -1.26151 -14.1319 -8.89041 8.85648 5.89671 -1.64322 0.706249 40.6161
-24.4219 -0.862862 -2.78084 -12.5871 11.2466 5.49887 -9.91127 -4.33967 12.5507 1.61672 -2.32713 4.99382 41.652
-16.5127 -3.2526 -6.27383 -5.38656 7.96308 4.94227 -1.26835 -3.43659 9.20391 2.61252 -0.857332 -4.67855 35.2742
-15.6721 -1.89683 -5.56637 -8.53589 0.806576 2.08918 1.41906 -1.96688 8.03645 3.85638 -3.51533 2.61943 33.2421
-14.4337 -1.66747 -6.37843 -5.03978 1.13734 -6.66514 2.37069 3.91148 5.35228 1.16828 -1.055 5.57576 33.9301
-13.7948 -3.51591 -5.96039 -4.74184 -0.330354 3.41563 -2.32437 -0.0703416 1.98025 2.88081 -1.87247 10.7651 33.9905
-18.8719 -1.35278 0.0469288 -7.10981 5.05626 8.51582 -3.69617 -4.26379 -0.545858 -2.26425 -3.69486 -2.1737 36.5056
-25.2097 -5.20374 -3.54358 -7.2046 11.9398 12.1556 -8.24751 -14.8385 1.52018 2.55746 1.38649 1.50757 43.8209
-18.0636 -3.98176 -3.8868 -2.26565 12.572 8.47023 -7.43081 -16.5198 3.85271 2.73279 -4.0019 -1.93001 36.2695
-12.8349 -3.27849 -8.34322 -5.13204 4.78522 6.60042 1.60672 -5.97342 -4.69969 3.69983 -0.803972 4.62223 34.2777
-13.2199 -4.22779 -6.62418 -5.95567 2.03541 0.847094 4.98094 2.23976 3.72837 1.47095 -4.5536 8.47354 33.6747
-14.7155 -3.37675 -4.75926 -3.2735 7.29721 0.439837 4.27049 3.80255 -2.52385 3.64318 -6.67388 3.1371 32.6709
-13.5136 0.832471 -7.20532 -10.3453 0.473687 -0.601398 1.25341 -1.69974 -0.567974 5.49263 -2.18116 4.3872 32.3956
-13.1223 1.57656 -5.73626 -6.93702 4.63864 0.536563 0.693459 -1.53143 -3.89024 -2.53449 -4.30904 0.444066 32.649
-13.0445 0.966771 -3.77271 -6.75929 -0.709517 -2.29913 3.06475 1.18798 -4.77739 -7.49114 -3.35261 8.05357 33.1002
-12.9557 -0.348354 -4.69639 -1.39079 0.0104719 -3.41481 2.17667 4.93133 4.83372 -7.25086 -9.66956 3.2966 32.9953
-13.3117 -0.209748 -3.17825 -3.1935 -3.49545 -4.26684 1.23012 1.96512 2.88295 2.00608 -3.96823 7.13535 32.2931
-13.2198 -2.29113 -3.84295 -0.96993 -1.04958 -0.995199 4.2231 -1.51693 -5.56407 -1.39073 -5.68734 2.66519 33.1236
-14.2752 -4.25893 -8.79354 -5.45105 2.54075 -1.57675 6.18008 3.14736 2.73515 0.791268 -0.275817 1.48485 33.8188
-13.0148 -2.64683 -7.71512 -4.58972 -2.14229 -2.09846 4.52311 2.13879 0.553486 6.5469 -2.94056 3.05436 33.6709
-11.2125 -1.85722 -6.62698 -5.17171 2.42521 3.53045 3.35036 -5.41335 2.02742 -0.504525 -5.92801 2.79224 33.4616
-13.074 -0.292814 -7.06126 -5.36459 0.584525 1.72595 6.67496 -0.694063 0.988266 -0.903606 -8.28893 7.41961 32.7929
-15.2564 -1.01103 -4.55468 -2.31547 -0.353883 -2.55076 7.40543 -2.59971 -5.62121 2.04827 1.64409 11.4185 32.0225
-13.8738 1.83752 -9.03319 -6.48181 -0.790422 -3.55928 6.16166 0.272956 6.75283 8.15728 -2.88552 4.33776 31.999
-14.9274 -0.140373 -7.62452 -1.50585 7.61861 -4.45588 1.21002 -2.95385 -4.14581 -0.950083 -0.781873 9.89278 32.3317
-15.0533 0.112638 -5.77537 -2.81816 9.8324 0.548056 2.84001 1.86334 -1.39756 -3.24158 -9.95378 1.71333 32.5136
-14.4598 0.282471 -6.74178 -5.00844 4.21694 -2.48003 3.0609 -0.7282 0.89605 2.13959 -1.34518 6.40655 32.6211
-15.8856 -0.289154 -6.96261 -10.3187 3.16845 4.39602 6.68305 0.969545 -1.21315 -0.223537 -4.38238 4.21306 32.1154
-13.217 0.0303395 -6.40429 -5.94004 -4.74758 0.561331 7.51214 -3.80964 5.58288 3.38707 -4.3524 2.34911 32.5332
-14.1781 1.27838 -6.91495 -6.9783 1.20336 0.597781 3.21381 0.227743 -3.28764 4.44023 -2.19157 -0.433385 32.4934
-15.0065 -2.45959 -4.03386 -4.71836 -2.33359 -5.89472 6.2421 8.01531 3.9215 0.298871 -3.47955 5.81643 32.2325
-14.8229 -2.62477 -3.07489 -3.99641 2.14705 -3.39308 3.88013 1.73392 7.91746 8.96183 0.877564 0.201554 32.4627
-14.8968 1.24887 -3.63515 -6.08323 5.45994 -6.94598 -6.90732 -2.06819 0.51777 5.43388 4.20258 3.53054 31.9724
-15.3373 -0.188664 -6.05672 -7.52998 1.09513 -2.60987 5.13619 3.43816 1.87417 -0.0833294 -0.177441 2.85107 33.1103
-15.7595 -1.59328 -5.906 -7.08538 7.23637 0.792908 3.14062 3.49986 -0.23883 1.72502 0.63844 2.62198 33.5286
-15.4649 -0.627555 -6.47491 -11.4496 1.84252 3.99726 5.66157 2.48982 0.178616 6.9875 -5.97937 5.99068 33.0614
-12.761 -0.86018 -9.84512 -8.7262 7.84456 1.24631 6.89013 -1.60766 -0.789775 0.509759 -2.57548 4.85076 33.2022
-13.485 0.558788 -8.56451 -10.2125 1.42649 -1.7833 6.79943 -0.135604 -0.430586 1.94134 0.889508 7.40066 33.5684
-14.0747 -0.594144 -10.2495 -10.394 8.84713 -0.791498 1.86008 3.01088 -2.41255 -3.40804 -2.30207 10.8824 34.2307
-15.9181 -2.47924 -6.32398 -8.52786 7.20625 5.13189 6.15515 -3.19933 2.67016 1.07239 -2.97855 3.32809 33.7325
-14.8946 -1.21777 -8.45933 -7.35477 3.64256 -0.145561 8.86016 -0.0226541 -5.82416 2.43039 0.307738 4.36488 34.1271
-16.2128 0.263541 -3.6516 -10.7187 5.06762 4.50176 5.70617 0.421499 -10.2871 -1.7012 3.59058 2.08247 33.1359
-15.4305 -3.53807 -4.02705 -6.25686 -0.00795917 -0.0363976 7.4109 -2.63793 -0.797611 -1.33786 -2.79391 5.58863 34.2516
-14.2767 -3.54579 -5.64986 -10.5897 2.35627 -2.57307 -0.822974 3.90682 2.60439 2.02112 -2.2182 7.4647 34.3827
-13.4992 0.775959 -2.72863 -12.2268 -1.59343 -6.19045 0.64877 8.77641 -1.16966 0.266585 1.58952 7.47016 34.6241
-15.438 1.57968 -3.0244 -10.264 4.23206 -1.46481 1.68755 9.80887 1.59888 -6.24113 -4.56643 0.186769 33.2801
-14.7015 0.56545 -1.41562 -11.0918 0.886116 -3.46949 5.8089 9.6782 0.00831528 -2.86941 -2.35982 2.54881 33.9433
-14.8236 -0.285113 -6.2249 -11.4649 3.42362 -2.36361 1.93076 7.33197 3.80008 0.430085 -4.61387 1.6362 33.2653
-15.5195 -1.25313 -2.19778 -8.88813 0.895085 0.43994 7.12544 3.57725 3.27396 5.62787 -5.31879 -4.10864 33.0577
-14.8946 -1.1811 -3.96287 -5.93676 0.156482 -0.27961 4.72657 -0.00275984 -3.05609 2.38493 -0.662058 1.87376 33.4739
-15.5746 -0.0219412 -3.75597 -6.53349 -0.909173 -7.82014 3.65418 2.92693 4.87891 4.67999 5.64508 -3.55596 33.7549
-14.7999 -0.929326 -2.66061 -10.6857 -0.569156 -3.76002 5.21683 5.52817 1.51262 -3.72026 -2.73898 5.01741 34.3455
-15.7516 -4.06928 -3.60902 -3.63106 4.87308 -4.69425 0.358415 1.9056 -5.21838 -4.81484 0.661928 2.79623 34.1181
-14.7237 -3.44396 -3.64874 -8.72364 0.0624107 -0.617103 2.17635 7.83745 -1.84063 -0.358482 -1.4619 2.01006 33.703
-15.5636 -3.51355 -2.09423 -9.62709 3.44125 -2.65281 3.02966 5.28819 4.60349 1.77872 -1.98255 -0.427417 34.1905
-14.43 -5.11565 -4.33321 -6.80833 6.77432 -4.23458 5.01887 3.13461 -1.45568 0.218021 -3.91808 -0.48513 34.139
-13.6125 -2.56396 -5.53829 -8.48751 3.71046 -1.41108 5.57728 2.46998 -0.542664 0.642279 -2.54755 -7.3248 34.8203
-16.2236 -2.36223 -6.32707 -6.4878 5.56293 1.47114 12.8502 -0.0459918 -4.03545 0.422905 -1.39133 1.95095 34.6091
-14.9334 -1.73777 -5.60029 -7.8679 3.11973 -0.710581 4.9155 -2.81895 -2.74122 0.741349 -0.234111 2.58163 34.4721
-14.6815 -2.25838 -2.68382 -8.59571 8.57205 4.08874 2.72719 1.3055 -2.53266 1.40419 -7.54362 -1.03735 35.4279
-15.5654 -2.83144 -3.45884 -5.06245 1.56763 -8.5378 1.71224 3.38315 -1.90958 4.27642 3.51641 8.92652 35.2052
-15.6919 -0.955365 -3.96552 -10.3718 2.0697 -8.31583 7.35992 7.88442 -2.17129 0.933292 2.28625 -0.0211365 35.4236
-16.2324 -6.16203 -2.1532 -12.1853 3.97066 2.00446 5.99808 9.72205 -3.74584 -3.95504 2.32174 6.99031 35.076
-16.8335 -2.98981 -0.307792 -8.08642 4.75728 -6.07988 0.415668 -2.54461 -1.56812 3.27593 7.26276 3.79125 35.2741
-18.7871 -3.55916 2.08962 -7.04491 2.70939 -0.736577 9.02743 4.19972 -3.46234 -3.35647 -0.583632 0.747354 36.2489
-18.6206 -2.26407 -3.05168 -13.4021 7.05888 1.1516 7.26248 8.50107 2.73675 3.77546 -2.17716 -4.40785 37.7414
-19.7504 -5.09312 -6.50294 -13.6542 5.60592 9.07688 -8.6622 -7.98505 2.75976 9.33046 5.18722 15.1517 40.2574
-20.0367 -5.83097 -2.83613 -13.8972 1.70646 -0.0496023 -11.7484 -9.00094 14.8436 10.9496 4.00225 2.79079 42.3238
-21.0446 -5.06435 -0.42472 -11.4572 1.69239 2.85101 -7.24785 -5.83689 11.0266 2.95009 -4.54635 0.282718 42.1082
-17.5714 -3.28533 -0.193063 -10.2391 3.10028 -7.88591 -0.43302 -3.80711 0.170374 0.486866 4.90325 6.02785 37.9962
-18.6229 -3.30795 1.04281 -9.20871 4.83733 -4.2659 -5.28629 -3.52461 6.70564 -1.53581 -4.2345 2.18081 38.3322
-21.2253 -4.11797 0.625373 -6.47565 5.26772 -1.67854 -12.6847 -7.74118 11.2204 1.53188 2.12895 -2.32443 41.533
-20.0434 -6.26055 -1.15954 -12.6253 1.18355 2.40262 -2.33619 -6.39265 4.06825 2.71538 1.84798 3.71503 40.9738
-21.8799 -5.15106 -5.17269 -13.1211 5.95224 1.9959 -10.1004 -7.08073 9.53191 0.429898 1.57774 -1.18637 47.2898
-21.4857 -5.26867 -2.72668 -11.6919 1.48052 3.1942 -9.98515 -12.2981 8.89205 6.46177 -2.71364 -5.80462 48.5418
-21.0044 -7.71193 -2.78508 -11.2536 5.06995 4.36767 -8.57146 -4.71421 6.83433 2.83218 -0.0570951 1.14067 49.098
-25.2458 -7.96541 -7.19815 -10.7344 7.62625 1.8231 -16.1943 -10.3127 12.2716 1.73504 0.0439795 -3.17749 51.1347
-25.6625 -0.857489 -0.471939 -11.4828 -1.14554 0.265277 -10.5064 -10.0638 5.98153 -11.5325 -1.01618 4.63925 54.7831
-16.8745 0.426069 -2.04423 -4.93354 2.36016 0.637665 -11.8949 -9.93308 10.1071 -0.380554 -4.99606 -0.654789 46.7709
-17.1003 -2.72447 -6.28618 -6.06553 1.81603 -5.22238 -6.91077 0.300662 9.51319 10.4153 3.61509 2.63578 40.7083
-17.3719 -2.81121 -7.56775 0.425253 -0.659778 -7.07381 -4.81622 -6.03018 4.87947 0.588687 -0.636091 4.36964 40.6445
-17.3392 -5.11015 -7.50465 -3.23066 -0.0090131 -3.83082 0.743481 0.471028 4.07794 6.38734 2.43217 -0.589101 40.1441
-13.9005 -5.90575 -8.23736 -1.93555 -2.59391 -10.8283 -3.24401 -0.00369667 4.14764 0.506776 1.81303 -2.80818 41.7155
-18.0556 -1.05995 -8.51714 -8.13 -0.569389 -5.35914 -1.26298 -10.3413 -3.04882 3.514 -2.91638 3.96568 44.5614
-19.3467 -1.97134 -8.22221 -5.81615 1.12111 -5.30311 -3.54948 -5.80193 -1.92794 -1.47419 0.516172 7.94002 42.7747
-16.5297 -0.324266 -8.15234 -6.91207 0.49676 -4.04906 -9.02079 -3.55328 5.61577 -2.97238 -4.97701 1.28273 41.4294
-17.502 -4.69883 -6.74428 -4.75894 3.55801 1.25495 1.15818 0.947772 1.25467 -4.12375 1.52783 2.70655 38.1147
-18.9479 -2.3901 -5.47739 -4.39272 2.65336 2.44272 4.74872 -5.24564 1.53977 -0.878337 5.14567 8.64938 37.2013
-16.1434 0.0466451 -8.85589 -7.94435 -2.72736 -2.07517 5.64997 -4.74809 -1.11382 -0.245162 9.37441 9.19636 37.1928
-13.8541 -0.582877 -8.59768 -2.87027 7.39983 -1.64761 0.491362 -11.2984 0.163223 2.25894 2.19967 5.42775 35.6488
-15.9143 -3.91956 -6.10059 -1.71046 4.85857 0.714828 1.48559 -15.5636 -0.291462 -2.3807 6.34512 4.40571 35.0508
-18.8497 -3.96879 0.135242 -4.10901 1.09113 4.91272 4.0263 -14.934 5.43366 -1.10626 8.01116 1.98133 37.1468
-18.5501 -5.62207 1.36866 -6.36087 -2.04578 -0.0133287 3.17504 -11.2487 11.447 2.9792 12.566 5.3983 38.8663
-18.2312 -3.89975 -1.71015 -7.60054 -0.252716 5.97147 6.50866 -12.404 8.17864 0.141827 2.90304 -0.906606 37.2834
-19.3657 -4.98822 -0.303623 -4.13517 7.55654 2.74495 -1.98057 -10.9928 12.1472 4.53101 7.27752 4.6943 37.0458
-19.3985 -4.95121 -1.53907 -5.19676 0.415705 6.80417 4.47801 -14.3194 7.34736 2.44593 14.9595 5.47153 36.1747
-19.0198 -3.00568 -1.52582 -5.0507 -0.326234 -1.38223 -1.33176 -12.1759 13.2526 1.74823 6.70563 11.0851 36.2117
-16.1095 -1.50657 -5.68004 -2.85317 5.17036 -1.66377 -5.78906 -11.9478 7.97521 -2.64535 3.92259 10.7564 34.3447
-18.8288 -1.77866 -4.00537 -7.58763 -0.779272 6.77719 -1.20133 -9.79297 9.90079 -5.76271 2.25062 5.73266 36.6513
-17.0714 -3.70952 -3.41847 -5.30285 2.87826 5.84338 3.33934 -6.46743 9.697 -4.23727 2.67889 4.05406 35.8221
-19.8319 -2.84042 -3.11707 -5.75769 0.0931376 3.88255 1.31592 -2.72313 18.7997 3.64454 3.34388 1.0933 35.2613
-17.8152 -1.93689 -4.15891 -4.81275 5.22161 3.84652 1.31763 -9.15894 14.3081 4.19102 -4.95231 6.01725 33.4301
-18.4129 1.00357 -1.88257 -6.78547 -0.284872 4.54315 3.44327 -7.18359 9.66907 0.459021 4.80024 8.14234 35.2636
-16.9203 -1.02457 -4.44903 -6.10582 -5.08706 1.0374 8.94894 8.20736 5.35187 6.07475 6.44732 11.7764 31.0398
-14.7921 -0.258865 -4.90337 -0.641909 1.12279 -10.6999 4.87344 -1.80959 -2.8566 4.16646 3.09061 -1.0421 34.0115
-15.0085 1.33999 -2.45864 1.38423 0.340278 -7.86767 0.781785 -6.84163 0.397764 0.366429 -3.7071 4.49533 33.7441
-17.1534 -1.02521 -2.21974 0.449769 2.82729 -1.96929 3.12939 1.79155 -0.949762 0.388695 -3.17165 4.51551 32.7312
-18.5579 1.52779 -3.28872 -2.02911 3.25458 -2.52889 7.00574 13.3109 -3.20977 -7.38056 -0.243422 6.94221 32.9264
-16.6715 1.04945 -4.33528 -1.36284 2.05965 -7.78911 2.07716 5.98631 1.8706 -5.14038 -0.800181 3.95738 35.254
-17.6028 0.54521 -1.83184 2.82274 1.37055 -4.30476 -4.9712 -4.11922 4.98165 -0.455459 0.172627 6.00041 33.3169
-15.9597 2.02363 -4.3427 3.39095 2.68884 -11.6084 -2.75543 -5.07664 2.15439 -6.80493 0.18379 6.27263 34.5265
-14.5421 -1.60781 -5.63112 -0.827366 -0.585306 -3.79924 7.38149 -5.66554 -3.23743 2.69713 -3.14349 3.55365 33.2534
-16.8912 -0.483132 -6.51663 -2.64693 2.00395 -2.02295 5.63184 0.0583405 6.86933 3.56582 -4.78858 3.08011 32.4026
-14.9691 0.384187 -4.2418 -1.31066 2.76512 -1.64388 1.36902 -8.39916 0.517091 4.45956 -0.206525 7.50179 33.325
-15.8476 -1.4196 -6.45071 -0.465627 7.26301 2.31299 3.15067 4.69948 -2.03119 -6.6651 -0.540236 12.2402 32.5346
-18.6326 -1.86036 -6.62569 -6.05168 1.33544 -0.369565 10.0774 2.63799 2.87225 0.176268 0.0735622 8.55324 31.526
-16.9518 -1.67175 -6.20976 -1.55451 -1.13367 3.11483 7.34765 -1.85176 2.20911 -1.89424 -0.530632 2.91438 33.026
-15.9136 -0.683726 -2.99945 -1.90672 2.06431 -1.63015 4.16772 0.368866 6.49249 0.287427 -2.77993 -3.68701 32.6287
-17.0049 2.2244 -5.52097 -0.814465 6.87003 -5.11697 10.1508 -3.47965 3.10733 -5.55492 2.48716 -2.22277 32.9531
-18.481 1.12082 -3.8251 0.803073 6.67398 -0.146704 9.51056 -5.60371 -2.41403 4.48463 3.54718 -2.54362 31.6592
-16.3107 0.203937 -7.97716 -4.5286 5.22331 0.308732 7.87328 -7.29286 2.37902 1.65304 -1.96266 6.90408 31.9604
-18.4314 -5.20418 -4.74603 -0.304339 6.93397 7.54875 10.0507 -9.14322 6.20907 -3.1931 -9.08595 1.99293 33.9393
-16.0381 -2.26708 -11.4505 -4.98778 6.88967 -1.54697 2.29581 -2.46687 7.774 3.00009 0.791022 1.24722 35.561
-17.0389 -3.47847 -4.86143 -11.7319 0.293358 3.94402 -5.19422 -8.95173 7.15692 -2.49644 -1.88897 0.433673 37.9943
-17.0246 -1.78671 -4.43752 -3.8698 2.53336 4.16664 2.06169 -3.37738 3.87886 -3.52562 -3.57765 7.2623 33.1889
-17.0166 0.106661 -2.30944 -2.73299 5.88823 0.294169 -5.2584 -4.40846 3.85691 0.981705 -1.62828 8.13688 32.0174
-16.2531 -0.833057 -5.98715 -1.88579 -0.894064 2.42082 2.83774 -7.30461 6.39095 3.14011 1.41478 5.74639 33.4508
-17.2933 -2.02022 -7.83304 0.367453 3.84368 -0.801136 2.02573 -1.68891 9.10205 7.10226 5.02223 7.8414 32.4287
-16.4978 -0.656081 -5.03981 -1.83479 -2.27446 -5.04158 4.71062 -3.04001 10.7419 11.1902 0.531509 2.97067 33.099
-18.1782 -6.42868 -11.9473 1.25781 5.37004 0.209221 3.5285 1.87071 16.4854 8.07605 -3.19802 1.84241 34.7184
-15.6471 -1.10115 -10.6654 -2.18667 3.98799 -5.66004 -2.03097 -5.43222 7.84853 5.74235 -0.842599 0.385878 34.8792
-14.9739 -3.65536 -8.75778 2.30131 6.30179 -4.62778 -2.51888 -4.03584 3.20948 5.46529 -1.66204 0.560706 33.5193
-15.3917 -1.22705 -8.33309 0.51101 10.058 -6.77677 0.668162 -2.32804 2.24815 2.69412 -2.8893 6.79733 31.5809
-15.4586 1.04238 -10.4247 -1.04174 2.20937 -0.617475 3.76776 0.62688 9.12164 0.313353 -3.07766 5.29738 32.5142
-16.8579 -1.06367 -4.59606 -2.94623 4.76533 6.12959 10.0476 2.08056 2.1092 0.778908 -0.450188 0.012505 32.5106
-17.6705 -0.790048 -4.17202 -3.47097 2.407 1.5938 1.97982 -2.80006 9.17963 2.2296 -0.921454 2.6701 33.4689
-17.5311 -0.894991 -8.96937 1.82815 1.97243 -1.20573 6.69044 -2.37008 8.84753 -3.31693 -1.96004 2.58207 34.1466
-18.6049 -2.43775 -6.44481 -2.62178 1.98956 4.36596 -0.338272 -12.8499 7.14376 -1.8763 1.49014 1.76545 36.4532
-18.8468 -4.46093 -6.17486 -2.51835 3.51955 -1.45221 -2.91049 -4.90658 16.4202 6.39876 7.18459 6.08341 35.7202
-19.3527 2.27136 -6.26847 1.15626 7.55719 -6.36259 2.9161 2.15136 10.0299 -2.54758 3.38848 2.38681 33.3589
-20.2893 -0.16526 -3.6159 -1.46847 3.95501 -1.49654 5.19827 -1.89836 10.9168 3.89922 2.75974 1.11641 33.5038
-17.3671 -0.922395 -9.23251 -2.92678 1.6299 -0.688078 6.34629 -4.27423 10.9915 2.89678 4.63179 10.1919 34.7747
-16.6741 0.50298 -7.11957 -10.4551 0.678709 -4.02995 8.06892 -6.78511 6.12505 5.36331 4.23551 11.0607 35.3373
-19.0448 -0.726621 -5.6423 -5.35816 3.44388 1.25965 4.64546 0.147899 2.72569 3.78955 4.38455 6.60828 34.0477
-20.3704 1.38077 -6.37437 -6.00513 5.66795 0.45064 -0.446543 -0.430638 7.4076 5.6843 9.32911 8.66929 33.2484
-18.4101 0.565133 -8.96075 -4.22886 2.04453 -1.25797 -0.374439 0.0849989 9.55103 3.50217 8.72885 3.73008 33.7159
-19.5297 0.643443 -2.24861 0.572637 2.88124 3.56265 -0.751118 0.631268 9.00821 -2.67823 0.618221 1.43717 33.6159
-26.6836 -7.13286 -2.69138 0.231944 -0.442099 -0.887678 -8.21666 3.75653 19.2398 2.2691 12.2136 -0.480771 42.7557
-22.4606 -5.61922 -7.07286 1.07797 6.78087 2.20636 -14.1367 -7.94213 21.4731 -2.23985 2.3879 -2.36387 39.9404
-13.2607 -4.34955 -8.30403 3.39118 5.83621 -1.43015 -6.51687 -5.34406 11.136 2.6571 -9.08119 2.91307 34.2399
-12.9083 -2.47048 -7.94546 -0.77365 -1.25071 -6.37943 -3.95638 -0.0995351 13.547 8.23709 -7.08007 3.26459 33.424
-14.301 -3.0585 -6.68869 0.675398 4.01354 -1.92015 2.41631 1.40629 13.527 6.47409 -5.89661 3.54981 33.1151
-14.3993 0.982703 -6.70021 -1.92598 1.30788 -7.87698 4.01873 -8.33003 8.9368 4.05307 -9.16987 1.76461 31.7609
-16.9984 -3.7223 -5.23845 -1.83103 1.23414 -6.0747 5.78652 7.35228 13.6635 4.78464 -4.36866 0.172147 31.4047
-14.6964 -0.351862 -2.68744 0.278027 2.2994 -4.45887 5.32464 -2.76105 6.43618 11.2314 -0.543737 0.632163 31.5703
-14.8272 -3.62358 -5.46519 1.68891 6.70436 -3.79086 -2.00599 -11.2576 11.6158 7.90768 -5.38461 4.8139 33.1162
-14.3097 -3.24722 -5.49377 -3.16353 5.05851 -3.7206 -0.0857953 -1.56295 5.92648 3.14022 -5.96743 1.29092 33.5893
-12.6338 -2.27471 -3.24506 0.734219 2.14897 -5.37259 1.36547 -1.48045 -0.457106 5.10407 -2.25543 8.55641 32.764
-15.7906 -3.02795 -4.38296 -0.663273 3.67119 -8.51797 5.42029 0.807882 0.579973 7.47553 8.6456 5.86837 31.9553
-17.121 -5.58486 -4.93306 1.67733 1.86965 -7.85896 1.28088 5.38383 10.639 2.0017 4.2488 10.16 31.8228
-15.3834 -5.23175 -4.14495 4.85353 4.04301 -7.96721 1.67715 -3.82661 0.275349 3.13361 -3.06621 11.5203 32.3091
-16.4053 -4.19863 -4.63214 4.4087 4.71189 -1.17796 6.73223 6.17399 4.90327 -1.4024 -7.82536 12.0852 32.27
-16.8219 -6.70105 -3.26297 1.86485 4.53515 -5.97998 5.6069 4.72591 -0.00465034 1.92283 -1.56271 12.9 32.1746
-14.3222 -3.3286 -6.97957 0.688452 1.59448 -9.71245 3.40958 9.50974 2.67198 -3.33307 -8.4594 13.9087 32.5927
-15.3903 -2.65755 -3.83475 4.55628 10.7536 -5.20085 3.46954 6.19102 1.05389 -5.7731 -2.05248 3.05232 32.132
-15.6283 -2.5061 -6.33973 5.21715 8.84993 -7.10131 6.13124 4.79706 5.09898 -6.13358 -8.51165 1.51 31.9527
-17.1828 -6.56535 -4.75703 1.62116 2.9406 2.72517 4.95263 6.2361 12.4201 5.37781 -14.7442 0.549805 31.3773
-14.6737 -4.85164 -4.10177 -0.0334991 2.58686 -3.91571 7.56878 4.53129 7.16329 2.82426 -8.11716 6.26042 31.3591
-16.3428 -4.13459 -7.95492 -0.00743612 5.91462 -2.1782 11.8262 7.18357 0.938397 0.70629 -0.545793 1.17569 31.0252
