-12.1653 -7.478 -10.5108 -5.06633 0.212302 -6.77543 5.17855 2.45705 4.84965 -1.69911 11.3248 7.02753 74.0544
-20.7817 -7.74056 -6.07852 -2.5982 1.32926 -1.92593 -7.08261 -7.12935 1.39463 -0.884681 2.33243 1.94034 28.7068
-19.6568 -5.91342 -5.18895 -0.893341 2.65569 1.38628 -7.54252 -9.74759 -3.85446 -2.88033 0.457152 -2.32851 28.9821
-19.9303 -6.22765 -5.47562 -4.15591 -2.41709 -1.5075 -3.60039 1.59927 -0.221147 -9.16043 -5.53654 -4.03008 27.7648
-20.1388 -7.80937 -11.7509 -4.25965 -7.22236 -7.13747 0.257413 -4.92258 -1.43698 4.24234 -2.75869 -0.5714 29.7049
-19.0554 -5.06113 -5.98653 -1.46748 -6.45935 -8.09029 2.42587 0.057755 -1.5495 0.196995 -4.96689 4.25456 27.5803
-19.7812 -5.64453 -5.01233 -6.65502 -6.04579 -2.0959 -4.58417 -1.52733 -6.43363 -4.47984 0.131271 2.53004 28.7392
-19.0611 -4.54051 -6.94323 -4.30871 -5.42413 -7.06295 -7.15407 -0.300579 0.198386 0.269869 -3.78053 -4.03484 26.6282
-19.6492 -5.28541 -6.37837 -5.0383 -5.44927 -6.51122 -5.81969 -2.86709 -2.46819 8.04078 -4.47576 -5.07311 30.0952
-18.6965 -4.4993 -8.0272 -8.48832 -9.75755 -1.45587 -5.89324 -7.10406 -8.14334 4.80979 -4.08715 -1.00322 30.371
-19.8694 -7.13715 -8.9828 -4.163 -2.97403 -2.00907 -1.71465 -2.07688 1.31743 -0.165292 0.701058 1.55837 28.6819
-20.0721 -8.00303 -13.0341 -3.3072 -6.30713 -5.43314 5.8344 -1.51339 -2.45154 -0.228862 -2.28686 3.20721 27.2215
-20.3742 -6.64285 -4.71935 -0.216184 -2.44581 -6.956 -0.808887 -8.80877 -6.46237 -4.13734 -14.4689 -10.2928 28.5574
-18.0228 -3.41965 -8.14377 -6.02805 -7.71467 -1.27934 -10.2228 -9.76643 -10.7136 -1.03583 -3.33791 -0.268616 29.1223
-20.2247 -7.38967 -9.37087 -6.86344 -3.47196 -0.07596 -7.11213 -5.99458 -0.112099 0.937918 -1.84007 -0.751452 28.7658
-18.9501 -4.77011 -7.01216 -4.8876 -2.54552 -0.0623673 -14.6037 -7.11119 -2.03794 -0.701159 6.72439 1.9904 29.803
-23.5057 0.286365 1.14577 -10.3934 -0.163054 -22.2171 9.60314 2.56706 -12.0545 2.85114 -2.62886 1.57558 37.8756
-23.6787 3.63711 3.62578 -8.35499 -0.885763 -27.6472 7.10034 -0.158834 -19.6603 3.42662 -7.8847 -4.25787 44.5886
-19.6131 2.40038 5.80643 -1.54858 1.26862 -16.2313 4.54943 -10.3929 -14.8366 9.38288 -12.5104 2.52396 34.8746
-20.1611 -6.49506 -5.1146 -0.867124 -2.62116 -4.69891 -0.5174 -15.4179 -14.3204 0.460701 -7.34413 -1.83855 30.8845
-21.1238 -8.35728 -7.89286 -6.86887 -3.96149 -2.46398 -3.64066 -8.52037 -4.622 1.58389 -3.05442 -5.04742 30.7014
-21.7282 -7.36033 -7.02549 -6.45025 0.199789 -4.61229 -2.94042 -3.95307 1.3182 2.59896 -8.95824 -7.57091 30.9637
-19.4993 -5.74723 -7.9429 -5.91084 -8.90994 -6.44998 -2.88981 -1.6422 -0.739539 5.03623 -2.69669 1.06214 31.1673
-22.0434 -7.26501 -5.15842 -6.48669 -9.70292 -12.6765 6.36905 -4.45509 -7.48102 -0.0241148 -3.7065 1.07122 29.7538
-20.994 -7.86894 -6.98307 -4.29644 -3.68195 -2.92142 -0.68481 -16.0829 -9.74863 9.90086 -0.915961 -0.982626 29.1767
-20.6895 -7.12206 -3.37817 -0.572742 -4.17344 -12.5136 -5.54322 -9.50252 -1.46924 3.90103 -7.41398 -2.75417 29.4108
-21.1949 -8.76284 -6.00407 -1.56509 -1.85953 -8.52594 -1.0049 -8.05748 1.00505 5.39373 -2.82544 -1.47791 29.2327
-20.2386 -7.27874 -7.2177 -3.5722 -4.40429 -4.59877 2.00387 -3.84675 -5.64971 -2.52373 -1.9281 1.40277 28.4447
-19.7801 -6.84785 -9.94774 -5.05953 -6.86233 -7.66196 -6.04234 -0.874925 1.78076 -3.69496 -1.9744 -0.425692 29.0864
-18.6864 -3.93673 -4.80452 -6.83955 -5.67367 0.87248 -6.6723 -3.09853 -3.64531 0.115352 -9.16301 -7.67235 28.2755
-20.4904 -6.84755 -4.3431 -3.87971 -3.21889 -4.56016 -3.8489 -2.15618 -0.0711854 2.38604 5.4061 5.96581 26.2719
-20.565 -7.94212 -8.65351 -0.72291 0.541383 -5.62353 -9.28672 -10.0091 1.6429 -0.248202 4.46477 0.662241 27.0885
-20.7344 -8.18249 -9.45191 -2.21811 -3.23672 -7.79053 -0.0894936 1.34983 8.76159 3.95027 -1.32122 -4.45219 27.8042
-18.4119 -5.80953 -8.99669 -6.69823 -9.28978 -5.27681 0.54404 4.96982 4.98452 -3.26041 -3.53799 -5.20458 26.6986
-18.7847 -5.67518 -12.1582 -10.7615 -16.4397 -8.70134 -2.1587 2.63405 -1.82746 2.61164 -0.376293 2.51617 32.0221
-19.4407 -5.331 -7.24004 -7.02318 -11.7982 -6.29403 -1.37998 -5.70776 -7.80134 8.76593 -3.17855 9.62794 30.9516
-19.8525 -6.11633 -7.87871 -3.81009 -10.5745 -10.7634 -0.318077 -7.5108 -10.4499 1.49956 -3.5185 9.61827 29.9369
-18.6645 -3.84501 -3.98778 -2.99795 -6.08751 -2.53041 -1.36582 -11.934 -15.5349 1.82192 -8.14918 1.90328 30.0209
-19.2785 -5.57566 -6.89094 -4.73842 -4.09011 -2.30186 -6.28292 -2.47914 -0.754319 -5.24435 -7.4937 -5.79294 27.9962
-19.2543 -5.66208 -7.01753 -2.88204 -3.91989 -2.63541 0.145756 -2.14945 -4.18698 -4.36018 -8.82219 -7.74726 26.5683
-19.443 -6.31603 -8.18916 -3.83047 -5.66699 -5.8472 -2.5889 -5.37539 -2.9959 2.13543 -0.678435 0.109622 28.6908
-18.4922 -5.01163 -9.78527 -4.11973 -6.36233 -2.34925 0.361564 1.88718 -0.417261 -2.70997 -5.22539 -1.82894 30.3401
-19.2299 -5.32566 -8.16328 -6.32492 -8.19121 -4.91692 -8.2418 -5.48746 -3.03452 4.47093 0.51577 4.6603 28.6767
-18.143 -3.98982 -10.1222 -6.98183 -6.57864 1.82453 -7.3834 -6.7825 -5.23463 2.34468 0.621106 -3.75766 28.0939
-19.9059 -7.68718 -9.87341 -3.57251 0.388727 0.930255 -2.27349 -3.46735 3.05967 -1.19443 1.30907 -2.13815 26.3824
-20.5726 -6.88663 -5.38025 -6.79409 -6.17342 -4.55668 -3.29346 -1.755 -2.36772 -0.104187 1.82342 -0.43161 27.3733
-19.3252 -5.41581 -6.9992 -2.17699 -2.68417 -2.62603 -2.18587 -8.54156 -7.48749 -3.36605 -3.97683 -4.68959 27.6316
-18.6753 -3.43155 -4.4195 -7.92094 -7.63583 1.69777 -6.59148 -3.49865 -11.4749 -7.27566 -10.2844 -0.0915671 27.1903
-18.3188 -4.17985 -7.26367 -4.74407 -2.81188 1.5836 -6.29818 2.24183 -0.588093 -8.20633 -1.36789 -1.08774 28.1393
-18.1536 -4.37501 -10.0341 -2.9418 -8.07228 -7.18963 -5.7438 -5.24447 -2.86747 2.69277 -1.82422 2.8447 29.339
-18.114 -3.60071 -6.52081 -1.40488 -7.04695 -6.84289 -4.43319 -10.7716 -11.2691 1.91681 -3.67904 -2.88949 30.2588
-19.2943 -4.95534 -5.2874 -0.459515 0.137763 -0.624445 -8.04306 -13.8028 -10.4318 -3.49044 -2.7682 0.984424 29.4516
-20.736 -7.91614 -6.6424 -4.93911 -4.23915 -4.01321 0.621861 -6.05114 -4.363 -1.33701 -11.4013 -4.62494 29.6395
-17.7623 -2.64249 -5.2065 -2.31609 -6.15964 -4.38319 -6.52919 -2.38031 -4.03882 -4.47194 -10.0019 -3.24101 30.4038
-18.1292 -4.1714 -8.11115 -2.90461 -7.22359 -6.32339 -5.41832 -5.20577 -2.40098 2.81662 -4.13923 0.514772 27.7278
-18.1426 -3.99131 -5.77545 0.668917 -6.1054 -8.28743 3.48414 -3.89629 -5.24697 3.35145 -6.78643 -1.64012 28.984
-21.4972 6.56411 2.0246 -6.04236 0.271329 -33.7557 2.60486 1.62951 -21.9146 7.15913 -0.801849 -2.98961 44.7905
-19.5375 7.86312 3.24186 -9.7094 -3.53467 -38.7851 -0.989115 -0.298616 -27.3479 2.24315 -12.9588 -9.64135 49.9981
-16.2454 8.32964 -1.01277 -21.0738 -1.5914 -32.4311 -7.0106 1.47101 -18.4889 1.43075 -6.44904 -1.73829 49.1351
-16.1169 8.59649 5.26379 -17.4633 3.65678 -36.3592 -7.25488 4.64372 -18.1316 3.51686 -7.25237 0.656377 54.7099
-19.5542 7.28215 4.85359 -11.9239 0.230465 -27.415 -2.4937 -8.8313 -22.4835 -0.0394523 -14.8304 -7.94203 56.9358
-18.9032 7.31646 2.93281 -7.56201 -4.08936 -27.7014 -2.76099 -9.17094 -19.2147 3.72735 -21.8536 -12.2962 58.1614
-20.1471 4.82471 0.376487 -16.0511 -6.31396 -26.6097 -9.36612 -11.4887 -15.545 6.36735 -11.1267 -14.1691 62.6379
-18.8706 4.32991 -0.468229 -22.5321 -4.38001 -15.5648 -3.1967 -6.66728 -8.49994 17.5621 -9.23753 -15.2269 66.0387
-16.1626 3.04012 -0.3457 -26.7912 -1.54777 -11.7496 -8.96559 -3.48572 2.00544 15.6303 -8.04642 -11.9835 68.0586
-19.6687 -2.86264 -5.08501 -32.6823 -7.53068 -9.58143 -3.7792 5.71575 3.58977 12.3706 -3.32245 -13.5027 70.631
-18.9576 -3.36795 -1.63758 -31.1084 -2.06599 -3.57791 -5.75134 7.53317 -2.94903 1.13646 -9.22806 -11.3792 72.4792
-19.2534 -7.31751 -3.74982 -25.7722 0.774954 -3.55833 -4.64668 5.09753 -13.3124 -8.17999 -8.2765 -6.67701 73.2917
-19.3838 -8.71873 -1.76335 -20.5706 3.47534 0.721092 -1.11024 0.868141 -12.3969 -16.715 -11.7352 0.0436957 74.7611
-19.8103 -11.8237 -1.81448 -18.8985 3.95253 6.07349 -0.550739 -5.30794 -17.9742 -18.5919 -10.8003 3.80554 74.7527
-16.8807 -14.9541 -1.03276 -23.2642 4.70422 2.68323 -3.28313 -7.13198 -4.64083 -4.93058 -10.6274 5.32334 72.741
-18.0871 -15.0495 -4.10754 -23.5547 8.46008 2.40132 -4.44371 -14.6355 -9.31536 -11.0714 -12.1555 3.76793 71.06
-16.7815 -19.5316 -6.07472 -24.6204 4.12907 2.54511 -6.25489 -13.484 -12.2128 -8.52133 -8.80672 2.11751 71.2892
-16.5199 -18.2553 -9.68684 -21.648 2.81466 4.76072 3.81138 -4.7073 -6.25579 -8.38222 -0.158486 7.82483 69.2631
-16.0947 -20.7239 -9.61005 -24.3745 0.980059 2.14069 0.370313 -5.89078 -7.12615 -3.28279 1.67712 3.58829 68.7747
-12.4833 -14.2257 -7.38615 -23.9184 0.0848822 2.02743 0.123922 -1.6242 -7.55155 -1.15069 7.4707 7.57489 68.4124
-13.0754 -15.7583 -8.5341 -26.7214 -4.47342 2.87543 9.90697 -8.27774 -9.19361 9.78491 -2.62171 4.06722 66.6541
-13.2322 -17.183 -8.73294 -29.6831 -7.35382 -0.945728 6.47499 -10.0969 -15.0971 5.87485 -2.35803 2.68256 64.8608
-12.8745 -13.3573 -6.69094 -22.3924 -6.14113 -1.61525 5.16508 -2.26431 -7.09306 4.94881 -10.4492 6.60431 61.5713
-13.3203 -11.2173 -1.172 -18.9364 0.0479231 -4.10599 1.05756 0.709329 -7.4941 6.5032 -10.464 -4.81039 57.7788
-15.9992 -14.2212 -4.50742 -22.0222 -9.81031 -1.47547 3.61031 -4.71944 -9.98019 -0.886121 -6.09747 -1.03847 54.7804
-13.9374 -12.0773 -7.46635 -14.5982 -13.4919 -3.15588 10.1076 -12.9554 -3.29287 5.30577 -7.1485 -0.850631 54.1165
-19.2141 -13.1101 -10.3196 -17.7056 -11.4695 -2.36206 10.2944 -6.28088 9.36793 9.17841 -2.19757 2.3184 51.768
-17.8063 -5.8475 -6.51491 -11.9683 -9.47482 -6.61735 4.09659 -6.22204 1.96287 9.76104 -6.87759 -3.92305 50.7065
-18.3865 -6.64102 -9.8202 -16.1531 -17.7437 -5.17874 -2.46458 -12.7734 -7.1958 9.28447 -9.4728 -6.98184 52.389
-22.5664 -2.685 -5.77172 -7.22773 -3.35933 -9.20016 2.82916 -9.04953 -6.43714 6.63454 -5.60478 2.35014 51.1987
-23.3443 -6.13582 -7.81257 -13.0559 -4.40946 -15.3631 -5.00929 -8.78745 -7.58179 -3.66204 -8.5961 1.68819 53.0891
-22.8871 -4.60538 -5.84266 -7.98584 2.09658 -11.4855 -3.0032 -4.14373 -11.4444 0.871163 -3.01936 -0.792021 56.1755
-25.6349 -8.51398 -5.73704 -6.81956 0.559961 -4.83588 3.19464 -5.86755 -9.90645 -6.26919 -14.9095 0.145265 59.1569
-23.1422 -8.48988 -7.4602 -4.5779 -1.76711 -9.77369 -4.29967 2.89085 -5.9391 -4.18155 -9.51494 3.67933 58.3271
-22.8305 -5.68128 -4.43738 -6.89726 -1.42207 -9.8723 -5.35506 2.71284 0.933845 -4.47601 -12.3084 0.48689 54.9321
-20.5397 -4.37876 -6.93112 -7.11373 3.23731 -7.75601 -5.00791 -10.3178 -8.31474 -6.85167 -11.326 -2.63029 53.1069
-19.6947 -5.7418 -6.04182 -9.71326 -3.23745 -4.47777 -1.01435 -6.6788 -13.8864 -4.07521 -6.4469 -7.65326 53.879
-20.8628 -8.0054 -6.46287 -8.06539 0.183283 -5.55341 5.72516 -6.70883 -10.2983 1.45825 -5.93493 -5.5356 53.9244
-19.6834 -4.44544 -6.94169 -8.80199 2.76539 -13.2539 -10.0605 -7.04248 -7.38573 -7.3638 -5.02761 -6.66575 53.6267
-19.0388 -4.91262 -8.76899 -13.9872 1.63702 -8.66312 -9.76651 -14.5023 0.907101 -0.658692 -5.8213 3.73896 53.2335
-19.7182 -7.51223 -10.6265 -5.70773 -3.69146 -10.6003 -7.18023 -6.68219 -11.0261 -0.0708702 -7.75084 -1.84002 53.3907
-19.4569 -5.38348 -8.3957 -7.03341 -5.47329 -15.3358 -15.3309 -5.90144 -9.28874 -3.58354 -2.5928 0.120937 54.0105
-20.9921 -3.58744 -4.57553 -6.67503 -1.80154 -8.93997 -12.4934 -5.20082 -5.61043 -1.30046 -0.458047 -6.13576 53.4378
-19.9905 -2.84937 -7.28818 -7.37755 -5.51245 -8.32577 -14.5463 -10.0443 2.51672 -1.83112 -4.11714 -5.70164 53.839
-20.9466 -3.77948 -13.659 -8.30974 1.81455 -8.9407 -11.0278 -7.26158 -11.0796 -8.50386 -6.35679 1.24549 53.3039
-21.7816 -4.26132 -10.3274 -6.82511 1.27675 -6.67997 -8.55385 -0.435072 -3.27892 -1.92063 1.13091 -3.28772 51.4451
-22.2058 -6.63461 -11.2841 -9.08058 -8.96813 -9.46878 -5.73103 -7.52653 -9.93746 -1.49431 4.0706 3.80386 52.3651
-21.3275 -1.27491 -8.12745 -4.17318 -0.934302 -8.59899 -4.27274 -2.32743 -0.107337 -0.649104 -0.33295 -7.47803 50.3151
-21.8052 -1.55608 -7.65926 -10.7224 -6.19263 -12.3777 -5.8088 -5.2285 -5.09147 3.78945 -11.9324 -7.76437 49.2004
-23.5144 -3.24588 -10.5758 -4.9958 1.31793 -11.9934 -3.17333 -8.1568 -8.37467 -4.24147 -9.00399 -1.63499 49.2726
-25.3625 -4.29124 -9.1922 -7.77976 -5.37144 -10.9735 -4.08198 -9.03815 -12.6309 -4.62769 -1.60972 4.46799 51.3274
-23.0325 -4.62598 -9.68431 -3.52307 1.06475 -8.75953 -10.2751 -7.94296 -5.29118 -3.55075 -4.65558 -3.86525 51.555
-22.6999 -2.70253 -7.36423 -10.8309 -7.54049 -16.1849 -3.99393 -6.32365 2.19609 -2.34436 -0.358257 -3.4361 52.4429
-23.7575 -4.25953 -10.8526 -11.4865 -2.66472 -11.7125 -9.54048 -18.1456 -4.28714 -0.00585013 -8.72152 -3.06512 51.1544
-23.1791 -3.46556 -8.8462 -5.38953 3.34103 -10.9781 -13.1439 -8.03055 -5.62957 -8.65083 -5.52851 -8.48085 51.2104
-25.8824 -3.19091 -7.57772 -5.44845 2.13072 -7.12225 -6.2078 -3.84638 -10.6388 -4.45208 -0.157768 1.3898 47.8994
-24.2612 -4.86896 -15.0405 -11.1025 -0.530169 -7.9053 -3.70426 -1.85916 -2.61776 -6.54426 -6.70224 -10.2795 48.1471
-23.9734 -0.54184 -11.5389 -14.4587 -10.0675 -11.0846 -1.53022 -4.37613 1.47676 -6.49976 -4.32411 -9.62443 49.3937
-25.7625 -4.32695 -9.23284 -13.5989 -1.59405 -1.75918 1.43609 -0.79201 3.41501 -2.36761 -4.17343 -4.84047 48.2664
-24.4734 -4.8469 -8.51161 -15.1894 0.24539 -5.83772 -8.78289 -10.6367 -2.78767 -0.275448 -4.70537 0.01144 51.0701
-25.5798 -1.35573 -2.9691 -12.1906 0.417958 -7.79823 -14.5085 -10.2583 2.21235 -3.42225 -6.95143 5.27262 51.2013
-25.6243 -1.47856 -3.38699 -13.453 -3.55576 -6.47016 0.352375 -9.229 0.993066 -2.53252 -11.2569 -4.65842 48.2405
-25.7327 -3.03937 -2.08123 -13.2233 -7.22992 -0.0396359 1.92501 -7.44055 3.62517 4.88934 -12.2219 -4.2874 46.5771
-28.3551 -9.85689 -8.05291 -9.28588 -6.28832 0.16912 5.87924 -8.95785 5.76363 8.4206 -2.17432 5.47406 44.2905
-24.4347 -4.99252 -8.84153 -8.17153 -6.06354 -4.87886 5.43673 -11.015 1.74575 2.10593 -11.0181 3.7557 42.4011
-22.9665 -3.58729 -4.56332 -8.17445 -6.73862 -6.58978 5.74927 -6.19782 -2.26048 4.09708 -10.2487 -2.44382 41.1188
-21.3928 -4.3635 -9.83604 -16.4606 -10.7375 -16.7069 5.16096 -1.63559 -0.747623 9.12036 -5.48372 3.09372 39.1055
-19.9544 -7.38026 -10.1529 -10.1369 -9.13354 -9.75308 -3.41879 -6.20385 0.00097809 10.4309 -4.06226 1.39739 36.5811
-21.2819 -10.2158 -7.26737 -3.31077 -13.2751 -13.5663 -1.44361 -12.5871 -1.51892 7.65116 -1.50416 5.81609 34.9003
-21.7155 -10.9877 -5.72481 -4.58489 -13.0019 -13.6498 -0.315547 -10.1028 7.38461 16.4919 -2.49934 5.52967 34.8056
-19.5206 -10.0202 -5.40987 -0.220504 -10.5471 -10.8364 5.47473 -11.2769 2.21521 12.9453 -4.2887 -3.8477 33.6308
-19.0956 -5.6375 -1.37462 -2.08522 -12.9379 -11.3248 -0.400153 -13.2782 -9.58668 -0.966156 -11.5966 -6.62555 32.7708
-18.9035 -4.79723 -2.56844 -2.57786 -6.69347 -7.80436 3.42619 -3.81437 -1.89988 -3.38923 -5.00592 -0.440929 33.0296
-19.8448 -6.24829 -4.4176 -5.70074 -13.9865 -14.8786 1.90551 -7.90316 -7.88187 9.07123 -7.31845 0.0915493 31.8747
-16.727 -4.73924 -11.0926 -11.9778 -16.6999 -12.2513 -5.10028 -6.75514 -1.64523 9.70798 -2.076 -0.811595 32.8065
-16.5233 -1.53854 -10.3146 -11.1317 -14.6399 -8.72278 -11.1841 -5.47355 0.616605 4.59069 -5.62052 -1.15595 32.7572
-14.2331 -3.05405 -13.6201 -13.2178 -12.411 -0.368205 -5.25208 -5.88407 -12.3908 -2.35359 -1.01099 6.69349 33.9302
-11.0024 -0.790533 -16.6577 -10.6352 -10.7273 -1.68062 -9.74085 -3.00876 -8.49976 3.33807 -6.59484 -6.37023 34.0759
-14.2585 -1.93425 -13.158 -12.184 -19.2585 -8.81586 -6.77706 -4.40119 -3.82879 12.8675 4.21752 0.264973 32.6676
-17.6777 1.34695 -12.6315 -4.52885 -11.4023 -5.40239 -7.30901 -4.40242 -6.66618 -2.72714 7.62331 1.45088 31.6847
-15.1892 1.34168 -13.4404 -6.54902 -13.9973 -7.41773 -12.3934 -2.90641 0.517443 2.64351 -5.89557 -5.6471 31.355
-16.8769 -2.27287 -10.7967 -8.67986 -12.4497 -6.29902 -5.77772 4.47092 -0.163262 5.42787 -6.55664 -3.95617 31.2145
-16.362 -0.738882 -13.1035 -9.90751 -17.5325 -8.78345 -5.68526 -2.39098 0.829856 7.27784 1.46813 5.95202 30.5004
-15.956 0.57082 -11.0978 -8.89429 -10.3839 -8.16989 -4.22032 -0.797346 5.19664 12.7329 -6.457 -2.90267 31.6738
-17.3152 -1.96128 -5.95173 -4.70048 -9.55173 -3.45137 -3.86036 -1.65727 -10.4068 -4.68066 -6.14748 -2.32075 30.8324
-17.084 -1.7616 -6.27354 -4.40563 -9.74404 -3.78001 -4.75566 -4.3779 -3.84768 8.46057 -8.97488 -4.70744 30.2391
-18.5647 -4.73924 -10.0843 -6.2442 -7.07677 -3.86033 -12.6418 -3.97081 -0.660284 -2.0458 2.36001 -1.09357 30.2545
-17.2289 -2.48658 -6.33206 -1.56017 -5.2245 -3.72224 -3.87744 2.05553 -3.11573 -8.8334 -4.61141 0.363141 28.8711
-17.5619 -3.01831 -8.16482 -3.59505 -5.92588 -0.59694 -3.80823 -2.99147 -3.71211 0.557944 -4.149 -2.2728 29.7828
-19.6691 -5.85775 -5.84919 -5.18677 -4.0742 0.853794 1.45327 -1.62239 -4.95138 -0.364484 -5.13621 -6.78952 28.0122
-18.9555 -5.41356 -8.26375 -5.01073 -6.15157 -3.61386 -3.67501 -0.0681652 -1.80016 -4.18027 -2.92693 -3.2135 28.2642
-19.5773 -4.6039 -11.0254 -4.3457 -6.53693 -9.63263 -5.69786 -8.41197 -1.86963 -2.06234 -2.26853 3.96461 29.9159
-18.4118 -2.3347 -6.52534 -3.15814 -5.01105 -7.70415 -2.11683 0.659054 0.734911 -4.32984 0.550821 6.74484 30.7063
-19.1629 -4.35277 -3.38618 -6.94952 -7.52237 -2.12262 -5.19835 -2.66703 -9.33432 -3.42855 -3.18947 -0.79691 27.5827
-20.4656 -6.63372 -4.49559 -7.51493 -5.14603 -0.247868 -0.923303 -0.153664 -0.102386 5.51466 -0.176114 2.71706 26.4525
-19.2232 -4.81319 -5.86783 -4.7877 -7.58067 -5.01321 -5.59671 -8.20104 -7.2889 6.32619 -0.00153476 -1.0969 28.6649
-20.4996 -6.28421 -5.69654 -9.16958 -10.1386 -5.54356 -3.90121 1.13214 -1.98449 0.8378 0.528044 2.93669 27.6701
-18.2237 -2.57086 -3.78782 -2.22653 -9.97027 -10.7297 -1.9439 4.24473 -2.61458 -4.3718 -3.13512 2.83262 27.9821
-18.2704 -3.74992 -4.96768 -0.170513 -6.47597 -8.8261 0.437579 1.73223 -0.770988 -2.40534 -7.37755 -0.974258 28.2155
-19.5756 -5.68055 -6.27813 -3.75466 -6.32664 -7.40055 -6.68126 -6.56771 -6.7454 -2.72451 -0.596995 0.718883 26.4236
-19.167 -4.61412 -4.26921 -4.91402 -2.83341 2.72467 -3.32064 -3.81044 -7.34932 -4.87921 -8.16008 -1.61525 25.6777
-18.4201 -4.9379 -10.6902 -5.70513 -9.62973 -4.29964 0.572185 -1.18674 -3.03783 2.29292 -6.10344 0.0804207 26.7388
-19.0511 -6.46164 -11.0428 -1.60212 -2.64661 -3.20392 -0.665509 -5.39992 -1.34443 0.273041 -0.905471 -4.66136 28.894
-18.8907 -5.93293 -8.36387 0.217998 -2.43992 -5.92149 0.267985 -2.91662 0.0178579 -0.383363 -0.704959 1.3883 28.1784
-19.3914 -6.00625 -11.3172 -7.87286 -4.03001 0.619175 -12.5054 -4.6894 1.78457 -4.20984 0.0968202 -1.73283 29.7299
-18.9489 -4.71766 -6.26573 -4.44481 -9.37906 -9.03466 -6.40796 -6.74211 -6.55911 1.69374 -7.52262 -0.400955 28.4073
-19.6197 -5.63373 -4.57718 -2.77737 -5.79935 -8.9653 -7.93824 -8.06032 -6.46329 0.511431 0.401796 -0.0987563 26.9596
-19.0714 -4.78891 -5.10782 -4.40335 -6.99896 -3.87323 0.889043 -2.068 -8.68687 -3.70596 -7.70264 -1.09727 28.0434
-18.431 -4.57562 -7.86652 -4.1018 -7.20464 -4.53092 -2.41417 -3.35031 -7.27525 -4.76277 -4.64396 -1.38307 28.8147
-20.6541 -7.81889 -8.98677 -4.65544 -3.88379 -5.40822 -8.72281 -6.38542 2.03922 4.47612 6.91375 0.113977 27.9624
-19.5158 -5.83438 -6.42261 -3.65433 -3.65167 -4.12216 -5.09301 -1.26723 1.33189 -1.75244 -0.746611 -1.53528 26.4506
-18.5068 -3.74953 -4.71797 -5.86559 -3.78902 1.72864 -8.3473 -4.04864 -4.20428 -2.24001 -5.85082 -2.90731 27.0977
-18.5629 -4.95807 -9.95743 -3.2883 -8.49291 -7.18352 0.158419 3.40977 2.65855 -1.43827 -3.97943 4.49471 29.3627
-18.9137 -4.1415 -2.50081 -1.2623 -6.10288 -10.2712 -5.99476 -0.388639 0.258405 0.511091 -0.924892 2.50015 29.1618
-17.5308 -3.23498 -10.8305 -7.45062 -9.45464 -0.519994 -8.12123 -2.69916 -2.01788 5.93791 2.65859 -0.947979 28.8471
-19.8711 -6.21658 -7.82059 -9.04486 -7.46671 2.11044 2.17523 2.33495 -1.41303 5.5354 -2.44935 -1.14592 26.0161
-20.9927 -7.48264 -5.12044 -3.62742 -3.49526 -6.1949 -4.75846 -1.94384 0.652309 -0.308067 5.46813 8.38948 27.3685
-19.1182 -3.94717 -1.77836 -2.94313 -7.4378 -8.48668 -6.01392 -2.9676 -6.35656 -1.54132 -1.02711 6.69953 27.5113
-19.3115 -5.45704 -6.11847 -2.67019 -4.12511 -4.5612 -5.9616 -9.27549 -6.72668 1.72696 1.17474 1.25425 25.4289
