-12.1653 -7.47779 -10.5104 -5.06658 0.212292 -6.77564 5.17963 2.45526 4.85026 -1.69674 11.3308 7.02729 74.0542
0 0 0 0 0 0 0 0 0 0 0 0 0
0 0 0 0 0 0 0 0 0 0 0 0 0
0 0 0 0 0 0 0 0 0 0 0 0 0
0 0 0 0 0 0 0 0 0 0 0 0 0
0 0 0 0 0 0 0 0 0 0 0 0 0
-9.42037 1.68837 -9.7259 5.02993 2.90657 1.9981 4.63513 6.91044 -8.05963 2.48595 -1.89093 1.33249 12.2423
-13.7302 0.0148809 -3.54836 1.02769 0.259268 8.36939 5.76643 8.46419 -0.387167 4.16646 3.00956 2.30221 29.7563
-16.7948 -2.35475 -3.51008 -7.17807 -8.09246 -3.27639 1.90206 10.1089 -0.480358 3.64705 5.82471 5.96779 31.0531
-16.212 -2.34515 -7.01941 -6.82974 -2.77997 -0.860013 -2.64352 -2.32651 -0.330959 2.82619 3.64207 4.4465 32.178
-15.7754 -1.79398 -5.6821 -5.71029 -3.05976 3.72453 0.0984959 -9.01138 6.61105 2.53018 3.07757 -1.18082 32.727
-18.5041 -4.61172 -7.41966 1.93437 0.259867 -0.100754 3.42182 0.641821 -0.722873 0.43648 -4.06601 1.88587 31.3473
-20.2945 -4.11463 -4.69277 -3.46873 3.76854 -0.378895 2.82741 2.54183 7.54521 -10.2429 -0.429458 -4.66119 32.3239
-18.8559 -2.59961 -3.35743 1.12547 0.172348 -6.21592 -3.58812 -2.4281 4.8876 -4.97502 5.1974 4.45164 33.146
-16.3353 -2.66862 -3.79276 -3.18451 5.09134 -1.54813 -8.0833 -3.6445 -2.14225 7.11412 8.97373 2.98998 32.6124
-16.4329 -4.99616 -5.00228 -1.84968 -0.891698 -0.907906 -2.76532 -0.192986 2.34989 9.32143 2.97808 3.31141 32.412
-19.5211 -5.74716 -3.57418 3.68853 0.0913729 -0.365795 -6.95061 -0.0148518 2.39856 1.9854 3.33844 -2.36478 31.378
-17.7754 -2.92567 -4.33913 -3.30127 -3.73196 -0.41379 4.43451 1.50438 1.34117 1.90978 -2.54587 -5.47404 32.4709
-19.4829 -5.64616 -4.71515 -6.88908 -4.59866 1.98844 3.0393 5.45825 -0.999415 -5.88174 3.28608 6.53838 32.343
-18.1122 -3.40143 -5.84956 2.79671 2.52975 3.53424 3.48507 0.679471 -3.01874 -5.78663 1.97146 2.77455 32.064
-17.2459 -2.9612 -5.67015 2.63644 -7.17383 -11.0088 -6.30775 -5.55395 4.98094 6.61324 2.95087 -0.0770912 32.3373
-17.6185 -1.98228 -8.59482 -3.62951 -7.8916 -4.2983 -0.589324 -3.19276 9.338 9.13166 10.0483 0.761363 31.6819
-16.2128 -2.77495 -4.64493 -9.84289 -4.2647 2.1352 2.71818 -8.38562 -5.80209 4.67905 10.922 2.66255 32.2004
-17.6143 -1.51887 -6.70454 -4.44185 -1.68759 -4.49017 -1.27508 -6.2123 3.65222 -2.39035 -4.8606 3.72957 32.5277
-17.7285 1.5304 -4.73576 -9.27907 -1.26822 -0.837227 6.21532 -7.66413 1.07754 0.183751 3.56734 7.05183 33.3302
-11.5807 10.6459 -16.6564 -17.1258 -4.03965 -20.9679 3.20582 -9.94831 2.1039 -6.40649 -1.1904 3.40998 41.6649
-11.2979 15.1162 -13.5834 -21.6282 -8.57099 -21.3349 1.71429 -10.5165 -1.22585 -4.63084 1.72075 4.53269 46.0247
-11.3341 12.7599 -14.8207 -18.8812 -8.86602 -22.8076 -6.52687 -14.6175 3.48725 -1.49301 -2.07799 -2.64517 46.7828
-10.553 13.9054 -12.9091 -16.765 -10.4282 -19.7553 -1.42898 -14.3582 4.49176 4.20307 -1.43742 -3.93095 46.1306
-11.516 13.6017 -12.7297 -16.9934 -12.1015 -25.1491 0.380565 -9.1915 1.75189 -2.31223 -5.35215 1.36215 47.3837
-12.4905 13.1717 -11.6186 -13.336 -12.2218 -23.9554 3.93814 -4.12971 4.44105 0.224318 -4.84345 -1.76163 49.6843
-13.7887 13.9817 -15.1745 -18.7566 -12.3291 -22.159 4.44466 -9.87311 -0.363903 -4.31813 -1.34327 -5.08232 51.0791
-15.0245 11.329 -18.4937 -22.6265 -9.00801 -20.7477 2.10178 -17.4943 -0.912471 -2.25765 -2.77977 -14.5825 53.2397
-15.7859 8.00424 -18.5208 -22.0477 -5.5335 -25.5724 1.73183 -12.3214 1.00517 -7.23386 -5.42306 -10.7154 55.1545
-16.2519 4.96237 -17.7251 -26.7009 -3.58325 -23.3855 2.64755 -10.6077 0.377173 -13.3535 -4.60379 -12.2863 56.63
-15.7127 3.36913 -16.4945 -26.5637 1.21394 -18.7143 6.2032 -4.90471 -1.43848 -11.6522 -0.775247 -12.4647 58.1365
-15.9621 -0.928328 -15.2925 -28.7364 4.36394 -15.7435 3.92023 -4.4193 -1.3971 -12.5998 1.40321 -13.3593 59.7569
-15.8103 -2.86046 -10.9584 -24.2917 8.54323 -14.1558 7.32964 -5.70396 2.08539 -8.83797 10.1907 -12.9656 60.4374
-17.175 -6.75966 -12.9415 -25.8616 6.11087 -10.6037 -0.600632 -11.7208 1.05623 -12.8692 9.49645 -10.1039 59.965
-17.2741 -10.7451 -11.6063 -26.1782 6.55541 -8.77953 -3.37258 -13.7944 1.35776 -14.5148 6.05774 -5.26023 60.0249
-17.0259 -11.9919 -9.6517 -23.7703 6.21877 -8.40779 -2.74032 -14.8436 7.43658 -13.0349 7.25664 -1.18771 59.9557
-15.7571 -15.5864 -7.87546 -24.0103 4.69484 -10.3946 -4.05935 -18.5775 7.94571 -10.3617 8.17107 -1.16585 59.1488
-15.6225 -15.9816 -12.114 -22.1053 2.14502 -13.0776 -4.18477 -21.9676 7.16035 -8.78734 5.48788 0.203242 57.7182
-13.4474 -11.7759 -5.22185 -14.9002 6.56677 -8.84645 -9.7483 -21.711 11.7307 -4.37097 5.76949 1.98637 53.4908
-16.2944 -16.6307 -7.80097 -11.3505 9.86499 -5.89897 -10.6583 -21.841 6.14658 -12.8676 -5.71931 -1.30155 52.8782
-19.9173 -15.0592 -5.2989 -6.19274 14.0773 -3.07264 -3.93936 -22.6568 7.41389 -2.04041 -5.61281 -6.41447 52.1161
-16.0682 -7.24401 -4.78996 -17.1808 1.26215 -15.1489 -6.1878 -8.60024 8.53464 -7.38621 -6.42279 -3.5584 51.0526
-13.6974 -1.09201 -8.65291 -15.1478 -2.34599 -20.0095 -0.673363 -14.3165 5.3845 -5.25847 0.907868 -9.99334 53.3368
-14.2458 3.04028 -4.28683 -10.0015 -4.17617 -12.4592 -3.46014 -11.6937 2.10889 -10.3758 -10.0882 -13.4684 50.1397
-20.5943 2.27067 -1.97624 1.81218 10.8569 -9.84005 -3.0589 -18.3594 -5.34649 -11.7202 -2.33278 -5.6871 44.4942
-22.5368 -0.00875397 -4.42226 -3.26107 6.74199 -7.4106 -3.26027 -10.8326 2.32322 -9.22854 0.436091 -1.17161 41.5721
-21.7786 -1.82228 -4.82847 -1.14097 5.87448 -8.8893 1.79954 -4.25545 -3.51609 -8.09509 1.1311 -8.10996 41.0769
-21.9101 -3.04948 -4.14845 -3.50286 0.469012 -10.5431 0.762156 -4.76384 -0.302573 -6.62019 -0.355902 -5.98315 42.1892
-23.3708 -4.02841 -2.42364 -8.63562 3.07053 -5.20155 -0.278849 -7.85592 2.89053 -4.80988 2.17726 -5.67317 41.0685
-25.2409 -6.45672 -4.78127 -6.88881 4.62709 -0.141141 3.9815 -10.1901 2.90392 0.899213 7.59894 -1.85534 40.3249
-23.4282 -4.58285 -0.97121 -5.70414 0.512989 -12.6078 3.14288 -6.71607 8.23801 -10.9449 2.94062 -5.30333 41.6105
-24.5134 -4.80498 2.55613 -2.92034 -0.057246 -10.6208 -0.427469 -9.99501 -1.57848 -13.9336 -2.30128 -6.83274 41.8613
-26.1213 -7.58457 -4.85768 -6.42548 4.82691 -7.45585 1.01703 -6.03121 0.822386 -7.31725 5.47081 0.185447 41.932
-23.7018 -8.45119 -4.91785 -3.72142 5.47153 -4.25449 2.82255 -7.62803 -1.5149 -10.5736 5.24107 5.8457 42.1415
-23.0967 -8.94266 -6.46123 -4.20846 7.49078 -6.66542 4.0975 -5.49885 -0.205413 -8.37214 -0.141677 -3.01568 41.5084
-23.4499 -8.31437 -6.51161 -5.8632 5.37637 -6.22399 8.57851 -0.358888 2.2322 -6.66976 3.28958 -2.9235 41.4772
-23.1206 -2.13208 -3.89611 -10.1841 2.49979 -7.52327 3.66311 -2.05261 -0.135575 -15.8694 0.579253 -1.92167 41.0491
-24.4292 -3.33738 -4.04862 -8.14782 2.43288 -7.98484 -3.7431 -0.312114 10.5175 -5.37082 -2.95467 -3.79786 40.6983
-23.5995 -2.01812 -5.62175 -2.79136 0.941794 -5.32073 4.6088 -0.38963 5.59852 0.935832 -0.189066 -0.678073 41.1222
-26.7291 0.315443 -7.13242 -5.22795 5.5851 -3.37561 4.09445 -9.04046 8.35261 -8.03236 -2.1633 -7.77593 42.2072
-25.4309 0.217223 -11.3814 -5.24517 2.42764 -7.44264 1.93929 -8.77787 10.6998 -0.516782 2.26108 -1.66784 42.5088
-23.1114 -3.57574 -15.8729 -7.07828 -4.16289 -1.76583 3.27249 -2.25325 6.88328 -4.73999 -1.41375 -0.690406 42.546
-16.4177 -0.906995 -10.8178 -8.58902 -6.96604 -4.08169 4.16901 0.0582955 -0.24881 -0.656822 3.28964 -5.67807 38.1997
-18.9622 -1.48593 -4.45449 -5.8049 -3.05082 -9.63228 -1.77414 -6.80491 3.40447 10.972 1.47575 -3.55864 34.6816
-16.6714 -0.248223 -8.3237 -8.47389 0.179749 -10.9392 -1.03903 -0.709774 1.57218 -0.348001 0.229704 -3.43589 33.6656
-19.2543 -3.83707 -4.442 -3.18154 1.71073 -6.84883 5.59025 -1.24382 -2.09308 -0.511437 -1.8489 5.11496 33.4038
-18.5808 -2.05892 -2.0967 -5.39282 1.05233 -11.118 2.46053 -3.67835 -0.720962 3.7428 -0.661352 6.95584 33.4681
-17.8453 -5.39713 -2.175 -1.07578 6.23152 -4.65609 1.05576 -3.58769 -10.5445 -2.23549 -6.25774 5.09782 33.6188
-19.4298 -2.19007 -4.39064 -5.00724 3.96709 -0.353603 5.83487 -7.37118 -6.56168 -0.115318 5.49595 6.52504 32.5138
-16.8343 -1.64349 -2.87845 -3.874 -0.958161 -4.55091 -0.395383 -2.21657 8.79361 -2.12626 5.86252 1.58649 32.8238
-17.2563 -3.595 -6.81305 -0.732842 -4.00454 0.890982 -1.09401 -1.90925 4.32818 -1.48814 -1.72606 4.43894 32.1617
-16.6357 -5.31682 -6.9802 -4.46137 -5.50675 1.42109 -4.48481 -1.21969 3.46302 -7.00998 3.31 -0.0165935 32.6864
-16.1834 -2.84916 -4.76306 -0.844276 -3.43315 -0.362104 -1.75518 -3.03864 0.162906 -0.792905 0.899795 7.59134 31.3694
-17.2216 -3.73867 -10.5866 -1.73445 -0.294996 -1.29723 2.81212 7.40661 4.5326 0.73075 -4.259 4.43021 31.5393
-17.1005 -6.14988 -4.97905 -3.39549 -0.355579 -2.6463 -0.405618 2.16859 -0.236549 4.02951 5.43921 8.5693 31.2972
-16.3223 -5.69128 -5.34892 -4.93819 -6.4393 -3.16182 -1.29345 8.33914 0.684749 1.505 3.44942 5.67524 32.0655
-15.4351 -4.10529 -5.54773 -5.11921 -3.96536 -1.36723 -4.82646 -1.8104 -1.72589 0.0270356 -0.038345 1.83249 31.6231
-17.4069 -3.06169 -6.68879 -5.50476 -5.09031 -3.75858 0.904628 3.54623 5.39791 6.65769 6.64023 3.6763 30.6161
-17.7981 -2.28349 -3.31047 -3.99982 -1.44874 -0.562538 -3.08426 -1.2928 1.99155 4.90865 7.41418 4.26133 31.7523
-17.1789 -4.4203 -7.73897 -2.39767 -1.44707 2.62092 6.50603 7.42681 2.51525 1.28788 3.31778 4.41067 31.643
-17.0605 -2.78747 -4.10762 -0.900393 -3.71319 2.40291 -1.50146 3.96686 2.10512 -1.08427 4.05418 1.51686 31.7053
-16.4956 -4.99206 -6.26754 -3.27542 -5.32038 1.04864 1.91028 -0.959154 -2.34742 -3.75673 5.49618 -0.293272 31.9705
-17.5389 -4.7768 -8.06021 -2.0831 -1.8743 -0.568379 1.06491 3.2475 1.81634 4.83659 5.48426 -0.772739 31.2714
-17.9403 -1.7918 -5.42937 2.07639 2.98073 -3.11079 -0.497737 1.26855 2.40841 1.72855 -2.52823 4.96325 31.069
-18.0812 -3.85915 -1.75816 -2.37363 -1.38758 5.97154 0.234933 -0.363865 0.519102 -0.145781 5.07225 0.150623 31.279
-17.7901 -4.68255 -8.35141 -4.95681 -2.58285 1.76368 -2.73791 5.1179 1.07132 0.886221 5.53788 3.96915 30.7858
-16.9673 -1.67667 -5.44448 -1.3935 -1.65784 3.01379 1.61983 0.0496869 -1.92045 -2.33721 6.71374 -3.66005 31.4456
-15.9064 -1.40569 -7.5562 -1.9914 0.209245 -7.57984 -2.20072 -1.76865 -2.99789 -3.44431 1.40392 1.48393 32.6537
-17.7391 -2.08552 -5.09357 -2.78332 -2.16794 -1.7776 0.455565 0.363551 -3.88187 -1.46871 5.23505 1.64165 32.0308
-17.1263 -3.9051 -6.41655 -4.3327 -7.60813 -4.31003 4.93243 4.33805 1.31572 -5.00416 2.34821 8.42105 32.0812
-19.369 -6.23703 -3.38137 3.80607 -0.124883 -0.384705 1.94066 5.04717 0.822464 1.78199 2.57608 -2.89247 31.4301
-18.4741 -4.51271 -4.00548 2.55047 -1.09477 0.955942 1.93606 -1.46619 -0.868452 6.64596 1.06105 1.68591 31.0278
-18.4229 -5.44764 -5.87052 -0.879409 -3.09903 -4.13463 2.06875 5.61709 1.24737 -1.33941 2.35262 3.10036 32.0772
-15.5392 -3.45134 -4.85481 -3.16123 -5.12194 -0.197285 -4.22268 -1.23422 -4.12091 -8.3234 7.09147 7.15446 32.4753
-16.2731 -2.27495 -5.24572 -3.78523 1.14086 1.92074 -5.11729 -0.392079 -8.17772 -9.39927 -4.27598 -1.45452 31.9596
-15.3405 -3.2479 -2.15805 -5.98776 -4.7828 -1.75234 -0.302371 3.89388 -3.4813 -2.9086 0.459137 1.24072 33.0839
-16.4295 -3.7444 -7.59302 -2.96099 -3.13458 -2.65155 -6.28095 2.32556 -5.45247 -2.50986 7.84909 8.70128 31.8633
-15.7955 -1.80414 -3.71337 -0.493346 -0.462216 -1.24599 -0.904832 -1.80519 -5.08374 -5.32446 0.0479854 -1.94894 32.292
-17.4254 -1.94656 -2.23914 -0.926027 2.80363 6.53567 1.52797 -2.63354 -6.59378 -4.97822 -5.447 -3.34051 32.0983
