-12.1647 -7.47837 -10.5089 -5.06739 0.21259 -6.77843 5.18187 2.4539 4.85706 -1.69142 11.3283 7.02343 74.0541
-18.7991 -11.0659 -15.2498 -10.786 -6.54192 -6.03515 -8.64925 -7.91074 -4.9426 -2.44507 3.93786 4.82425 32.425
-18.7866 -9.19253 -10.7753 -8.15756 -8.10423 -2.07763 -7.94039 -8.34632 -1.0842 -1.1738 3.07199 1.71968 32.7223
-17.5216 -8.29878 -7.01754 -4.46734 -4.95935 4.36026 -11.7663 -0.0340061 -2.97295 -3.61207 -3.8372 -11.686 31.5759
-17.1123 -8.80547 -5.92337 -9.30065 -3.77703 -4.51052 -16.0404 -12.0184 -5.46616 0.369798 0.108325 -2.02034 32.1699
-15.0461 -7.90255 -5.79809 -4.94842 -0.582368 -2.56572 -6.63091 -5.76682 -6.55389 5.99583 4.08842 5.14128 32.593
-17.1503 -8.933 -6.81412 -4.05597 -6.533 -10.3979 -5.12784 2.33941 1.40381 8.05394 -5.39192 1.33143 32.0503
-17.4312 -4.97291 -2.14421 -3.19385 -11.1111 -9.36565 -3.71746 2.22455 4.96684 2.83886 -9.28269 -1.36407 31.9388
-17.9045 -7.42409 -10.5021 -4.43669 -4.95242 -5.17623 -6.46832 -4.18547 -2.38394 -3.80318 -6.70436 -2.62658 31.8066
-16.5797 -5.71031 -6.69602 0.163252 -9.1593 -13.0406 -7.71813 -5.09325 4.06667 -3.56806 -12.0914 -7.043 31.7518
-18.2512 -6.92737 -6.13331 -5.25944 -12.8308 -14.3699 -5.0217 -3.9982 3.76524 0.24476 -6.43883 1.06478 31.9626
-17.2492 -8.71025 -9.85353 -3.94947 -9.1512 -6.7988 -3.71692 -2.52873 -1.13652 3.57242 -1.86342 1.3834 32.9909
-18.4672 -6.62078 -6.49212 1.27507 -0.88013 -7.8906 -5.66964 -5.56662 -11.1684 -7.21097 1.40275 3.65527 31.8545
-18.1207 -6.9558 -5.50117 -0.6742 0.793469 0.092437 3.57949 5.47968 -6.22338 1.00542 1.75339 -2.58191 31.858
-19.1687 -7.42943 -6.7129 -5.14639 -3.56308 -0.667063 -0.0457555 -1.41587 1.96606 3.03861 2.78729 -4.42993 31.6824
-19.4069 -8.98566 -11.1512 -7.49437 -4.77599 -1.19879 -6.66188 -6.22274 -7.28984 -3.21707 -4.09872 -5.83666 31.6597
-18.3357 -5.71783 -6.76982 -2.4353 -4.42936 -3.67749 -6.10741 -0.146102 -1.99829 -2.45697 4.60356 4.92251 31.6942
-16.3407 -6.36588 -7.9108 -1.96363 -0.592647 -8.68774 -5.83377 -0.601695 -6.83129 -2.65314 -3.61706 -4.51472 31.3267
-16.4229 -7.29705 -7.4059 -2.68237 -2.04106 -7.64094 -5.57549 -3.52731 -5.20239 -1.67172 -4.78442 -1.23713 32.3536
-17.8829 -5.36906 -4.76332 -2.86008 -2.83328 -10.5426 -6.32325 0.0823794 -2.19937 -6.80277 -12.0701 -1.67498 31.5515
-19.8626 -5.83569 -3.69436 -3.65008 0.0610771 -12.5775 -3.53153 1.94486 -7.57207 -0.867826 -1.59818 -0.373053 34.1311
-17.3463 -3.0847 -5.15944 0.656623 -3.38467 -10.1777 -6.50566 4.61202 -0.705872 -3.81706 1.11362 1.87657 33.359
-17.3251 -6.1077 -5.57312 -2.47196 -0.688608 -2.53043 -5.79818 -2.11665 -12.5778 -2.83069 -4.93787 -1.71592 32.4549
-20.1555 -10.5085 -1.89681 -9.90471 2.20839 3.11155 -10.2481 -3.57305 -11.3884 -1.24126 4.5221 -1.9316 36.5809
-21.1932 -8.50765 0.582447 -11.1393 -0.10112 -0.244338 -11.289 6.37995 -6.89352 0.069461 -0.235149 -4.27339 34.6682
-18.5885 -6.67067 -3.7827 -2.73818 -7.0046 1.54095 -5.95446 -2.42716 -3.9598 -9.81121 3.61726 -3.21252 32.0775
-15.5639 -6.70608 -5.16713 -1.51661 -17.4642 -11.8726 -16.24 -6.83912 1.39944 -4.63243 0.540521 6.85568 32.3819
-16.2841 -7.56164 -11.1175 -2.49264 -10.1622 -8.87744 -16.2049 -8.62732 -2.035 -4.13014 -1.50557 -0.634237 33.3833
-17.2986 -5.17726 -6.95248 -1.0746 -2.65939 -5.41685 -10.9234 -1.52325 -5.10097 -5.05466 -9.40555 -3.26725 32.5804
-16.1205 -5.95914 -5.79905 -4.31792 -3.1987 -4.18819 -4.49764 0.829247 -2.74858 -0.827358 -4.54472 -3.06022 32.5865
-6.24837 -2.02037 -2.56948 -24.1883 -23.3516 -8.47401 -16.91 -1.89187 -8.93982 -10.8389 4.85253 -4.20019 41.1662
-6.17565 1.90989 -2.40941 -22.6573 -21.9045 -12.9228 -21.8035 1.20667 -8.21328 -9.40527 5.98474 -3.67878 39.6279
-6.19476 2.80948 -2.904 -13.0388 -16.3935 -15.0102 -10.8136 4.74152 -5.29916 -10.7081 -1.30946 -2.06013 38.7539
-5.61204 3.94334 -0.821313 -13.1968 -12.4574 -13.0714 -17.209 -3.23146 -0.114109 -3.8116 -4.18874 1.05511 41.2881
-8.51965 3.44746 -0.986333 -10.6547 -6.81965 -15.3509 -15.1008 -9.17824 -13.0113 -9.86921 -3.17959 -2.44154 44.834
-7.95926 6.85638 -9.9606 -10.8357 -17.9975 -5.78931 -22.5438 -6.3694 -11.0767 -14.0861 -0.476992 -15.8646 50.2481
-9.58923 11.3721 -9.05305 -12.1482 -23.2503 -6.01416 -27.8822 -10.1101 -2.00126 -15.3654 1.60107 -11.2845 52.1401
-11.8725 11.2181 -8.1599 -17.4117 -22.5669 -8.13936 -25.4149 -11.2334 -2.49057 -15.9245 -0.0234826 -5.10916 54.672
-11.9632 11.3481 -6.14896 -20.0908 -19.232 -10.1408 -23.1027 -6.7006 -1.16111 -10.5888 1.97743 -0.858953 56.4989
-11.8372 9.7357 -6.18259 -21.5955 -18.0525 -7.81689 -20.0462 -4.62837 3.46667 -6.7829 2.20933 -0.714636 58.8595
-12.4019 7.85718 -9.39367 -25.0924 -20.1562 -6.59064 -17.0304 -2.84825 4.63867 -7.17379 -1.37783 -0.997334 61.2107
-12.895 6.25139 -7.94289 -24.3349 -19.0709 -2.20085 -11.2364 0.306385 3.67249 -9.19747 -4.85236 3.33256 63.1213
-13.2563 2.72542 -9.62794 -24.387 -16.8925 -3.67587 -9.56194 3.43696 3.66668 -11.6278 -9.9361 1.88207 64.5507
-14.2524 -1.50038 -10.5407 -26.4611 -18.3776 -1.60666 -7.43768 -0.840164 0.66858 -10.6512 -16.7816 -0.283898 65.5304
-14.4618 -5.65544 -12.0569 -27.0498 -17.6284 -0.939564 -8.36145 -7.16116 -4.86181 -11.799 -21.6365 -0.875027 65.5438
-12.7242 -6.47283 -9.69102 -25.7193 -16.8463 4.60826 -4.48842 -7.43582 -6.33725 -9.27281 -22.4937 2.03252 64.7327
-11.632 -7.81896 -9.7129 -22.9363 -16.6245 6.18565 1.22972 -5.95079 -7.84694 -5.52949 -24.1113 1.67561 64.8753
-11.5398 -8.74111 -10.9487 -22.1483 -15.354 6.96135 2.96061 -7.67126 -10.2941 -2.35455 -24.8925 2.94535 65.4734
-11.5102 -12.0935 -12.1534 -22.8652 -14.9283 3.70304 2.43503 -11.1306 -14.9179 -2.90048 -25.0189 0.363165 65.7009
-8.56086 -11.931 -10.6299 -12.9446 -14.8989 5.67665 7.19014 -8.41473 -12.5829 2.99159 -20.6503 5.84328 65.4014
-5.22395 -13.9228 -13.8336 -14.812 -11.8831 -2.50416 -0.261932 -10.7883 -11.5229 -1.70787 -13.3061 2.14592 61.2088
-4.28497 -14.2869 -14.039 -14.9779 -2.29814 -11.5144 9.82231 -8.4227 -6.16382 2.86081 -9.83827 2.98476 60.5531
-2.71413 -8.81273 -9.00734 -9.92915 -5.63341 -4.36222 3.46134 -3.88976 -5.71174 4.17294 -10.2357 -4.07344 55.0164
-5.44207 -6.28735 -8.87529 -11.2322 -0.834431 -0.820879 -5.01145 -9.98336 0.627174 -3.35203 -14.2268 -2.59851 51.5672
-10.2038 -9.3274 -10.5477 -11.521 -1.24548 -1.11123 -6.28432 -11.0772 -8.15661 -12.3765 -14.0417 -1.20805 52.8095
-12.4966 -11.0023 -9.79142 -9.30088 -4.83198 -4.08742 -9.33183 -13.8624 -4.13681 -4.97743 -12.7009 -4.17408 51.8552
-9.63502 -2.74187 -8.10872 -14.2886 -12.6758 -3.39738 2.39116 -4.26427 -3.32334 -8.16937 -12.3726 -3.32718 48.6722
-14.3577 -3.68833 -10.3582 -6.30612 1.07447 -3.62667 -13.3447 -2.34432 4.68652 -5.46617 -12.0045 -2.6196 43.8129
-18.4567 -3.74339 -9.60671 -3.84369 -2.10603 -8.81002 -12.0253 -1.88773 -0.833179 -8.69327 -4.93255 -1.49599 41.5948
-22.1008 -4.38712 -6.38449 -8.87008 -6.96436 -6.87089 -9.46827 -0.580206 -2.91859 -3.99304 -4.27209 -2.14836 41.3198
-21.7706 -7.32756 -8.1869 -7.01077 -3.68921 -8.4918 -7.03461 2.44439 -5.31227 3.87161 8.188 -1.57481 40.5694
-23.3884 -8.71763 -9.86939 -3.29574 -7.77122 -5.84505 -8.24253 -5.68189 -4.13984 0.192845 0.653292 -0.126424 39.913
-23.1765 -7.33656 -5.68238 -2.32598 -4.58866 -5.75272 -4.83107 -0.514425 -0.0296425 -4.5473 -6.97019 -4.85005 40.3448
-20.962 -10.0485 -10.7319 -6.14454 -10.0633 -8.00842 -3.19011 1.7966 -3.58256 -2.08512 2.34317 -4.46985 41.6455
-20.6142 -7.83054 -10.9417 -4.782 -8.73398 -2.45373 0.415943 -2.74041 -3.90837 -3.01101 -2.67716 -6.3398 41.0854
-20.3642 -10.3704 -10.7896 -3.36803 -9.68091 -1.48216 -16.9757 -3.81484 -5.33725 -1.17139 -5.04099 -0.726739 41.6355
-21.9923 -7.45888 -7.7124 1.55117 -14.4652 -5.83534 -8.26738 -1.64499 -5.71403 1.45445 -0.95888 1.37528 40.0993
-20.2979 -6.99347 -10.3021 -0.558215 -10.4661 -4.92881 -11.3162 -1.16815 -2.24339 1.76632 -3.03225 -6.37779 40.7081
-21.0412 -8.03246 -13.6285 -6.94614 -9.22559 -3.88535 -8.23611 2.36316 -5.42938 -2.95694 -9.29666 -1.22686 39.7705
-18.777 -11.4201 -10.9988 -3.2934 -11.0864 -3.88865 -4.93683 1.75642 -0.996902 -1.24375 -6.59883 -15.8396 39.739
-19.4068 -11.1961 -4.93923 -2.0526 -18.8458 -9.26806 -6.10627 -0.845048 -6.85275 -6.94457 -0.720883 -3.97304 39.5628
-17.1717 -14.2636 -6.55081 -4.71815 -14.5288 -11.1832 -3.54084 2.44991 -1.87367 -0.152467 2.38752 -9.20881 39.8328
-15.2724 -13.9533 -4.59783 1.87188 -10.0353 -16.1824 -3.47599 3.97287 -5.68451 -7.04361 -4.40281 -4.33276 37.196
-14.9215 -9.14688 -8.33833 3.44514 -6.12072 -9.36237 -12.9001 4.61259 -5.85075 -8.5548 -2.46618 -1.23951 34.7721
-16.3519 -7.99973 -9.81989 -2.11906 -5.57793 -3.83901 -11.8092 1.7864 0.756222 -5.16783 -1.39366 -4.13396 33.659
-18.3964 -8.78213 -6.88015 -3.94505 -7.91298 -8.09477 -7.23178 -3.84452 -6.32658 -2.68224 0.345782 -6.5621 32.6425
-18.9824 -6.53036 -3.05204 1.26008 -5.17082 -6.66663 -3.08039 -11.7632 -5.10625 -5.2664 -7.61414 -9.61989 31.664
-15.7329 -7.1747 -5.07444 -4.74564 -4.39549 -4.21727 -11.6632 -5.00812 -2.45013 -3.50907 -10.2487 -6.25449 33.8707
-14.2416 -4.51137 -4.32124 -2.04639 -9.21267 -11.6799 -8.67662 -7.47039 -9.77425 -7.04465 -11.476 -6.64053 34.1063
-8.74553 -1.74734 -4.63912 -4.00761 -19.5054 -18.6696 -15.2214 -10.9997 -2.1555 -5.07801 -1.85877 -8.90915 36.1293
-5.36415 -1.99788 -10.1935 -9.05159 -9.22709 -7.89877 -10.9868 -8.04628 -0.550281 -3.07087 -5.35281 -2.44728 38.6794
-3.87897 1.65303 -8.49807 -11.4759 -14.324 -4.89318 -6.60238 -3.67129 -10.793 -10.6793 -1.50163 -2.00441 38.5323
-5.15621 4.0396 -1.85302 -7.07405 -20.4135 -12.7215 -8.87187 -6.70455 -10.1579 -5.72799 -1.8731 -0.617795 37.283
-3.32994 3.87864 -10.0648 -14.5011 -16.0181 -16.321 -7.62007 -7.98391 -5.98937 -3.25091 -8.87941 1.52889 38.4768
-2.79216 4.37678 -6.83111 -11.911 -15.5231 -11.6569 -10.7097 -12.0411 -7.68483 -5.01129 -2.2947 -1.44843 38.775
-4.74155 0.0265603 -4.34582 -4.98296 -15.4198 -12.6149 -8.46612 -8.36869 -4.24607 -1.71602 -3.39257 -6.40147 38.0703
-6.32652 0.910956 -1.89611 -7.16998 -16.3988 -4.70841 -9.9776 -14.8545 -10.0139 -2.02881 -11.0128 -6.77689 36.6174
-6.59864 0.132099 -6.11601 -10.8205 -19.3044 -17.0591 -7.73507 -12.1323 -5.40842 -7.22238 -9.14696 6.3239 36.7821
-6.67062 -0.519779 -5.14727 -7.98284 -17.8447 -12.8102 -3.96418 -6.16559 -5.4109 -2.09621 -1.81676 1.79295 37.0979
-8.04094 2.55624 0.678254 -3.21035 -12.1581 -11.6809 -6.90924 -8.12056 -13.551 -15.4626 -7.62114 -6.29376 36.2203
-7.2419 -0.766988 -4.60959 -4.48277 -24.6005 -10.5831 -11.171 -12.1612 -6.62138 -9.72715 -7.79503 -5.59167 35.809
-9.13437 -1.85553 -5.85368 -3.98327 -14.2972 -14.976 -10.3949 -0.77945 -3.04767 -11.2403 -7.42118 -1.84601 35.3448
-13.3836 -2.23636 -0.958638 -1.85367 -8.99746 -9.89184 -14.2851 -2.67766 0.345256 -3.42652 -10.3483 -2.97354 33.6537
-11.3404 -1.19421 0.96602 -5.36044 -10.4282 -11.518 -12.918 -11.0066 -9.02104 -9.25203 -9.56045 -1.60076 33.8887
-10.6577 0.83995 -0.779116 -1.06464 -11.0273 -8.8993 -15.9177 -12.7869 -10.6513 -9.73345 -12.2778 -9.26065 33.2346
-10.5901 -0.968056 -2.07036 -0.0795866 -9.31059 -7.01305 -14.8444 -9.0312 -5.69535 -11.4112 -5.12431 -1.3905 33.4374
-13.4757 -3.55583 -1.98084 2.93798 -8.10516 -8.29088 -9.70973 -10.4538 -6.37889 -10.2741 -2.65159 -0.944041 32.5529
-12.7364 -2.71426 -1.4753 1.4433 -9.53101 -17.0119 -11.9822 -12.8398 -4.94541 -5.83692 -4.95256 -4.4852 31.6571
-15.6828 -7.07511 -4.80585 -1.11954 -2.05879 -3.06291 1.4953 -2.95406 -9.00011 -5.80735 0.283734 -0.377889 31.6877
-14.4971 -3.01371 -6.12982 2.32145 -3.81614 -8.10673 -10.9717 -12.1837 -9.23364 -5.9617 -0.546341 -1.90444 32.7126
-12.7426 -6.78042 -4.16607 0.544642 -6.04843 -5.02547 -8.04067 -6.13336 -3.88587 2.30557 -6.33661 -3.20841 33.72
-14.7446 -6.61869 -4.47922 -2.46722 -13.3118 -8.90506 -10.7048 -1.63782 9.15789 -1.33687 -8.02403 -1.0579 31.9174
-14.5375 -6.8337 -6.05527 -0.921686 -5.38456 -4.01383 1.14654 -3.50303 -0.24174 -0.294751 -4.75183 -5.18392 32.469
-12.7048 -3.28384 -4.32571 1.26192 -12.9789 -8.22735 -5.94901 -5.86653 -10.7829 -11.7905 -4.8144 0.0890118 33.2585
-13.7798 -3.75488 -0.811815 -5.68402 -15.7718 -13.8118 -7.87354 -9.68001 -1.72003 -7.10948 -1.92457 2.1997 33.302
-14.3042 -3.15701 5.61686 4.77112 -3.71612 -15.8457 -16.627 -12.4915 -9.85354 -3.00572 -6.11182 -6.01533 33.6735
-14.8821 -3.07557 -2.21294 2.47488 -8.80343 -7.91178 0.0895021 1.45611 -13.2987 -7.83202 -9.76895 -12.6788 32.3059
-14.3997 -2.94638 -3.14266 -2.45162 -5.24526 -8.1971 -8.72366 -8.68833 -14.4554 -10.8826 -11.8237 -5.38262 33.8627
-15.3649 -6.30594 -3.17665 -1.16412 -9.1896 -8.23265 -4.94342 -6.90125 -11.7612 -10.1925 -8.23338 -6.61706 33.1935
-14.6025 -6.53283 -5.81587 1.39695 -7.20516 -6.87116 -7.66774 -7.6901 -12.3717 -7.8991 0.512138 -5.39444 32.8884
-12.7541 -3.87553 -6.82922 -8.74006 -9.6104 -11.0696 -17.6696 -4.62476 -1.3205 1.23194 0.655712 5.58697 33.4547
-13.0159 -0.873296 -6.25273 -5.5196 -9.64557 -12.4537 -16.6184 -6.1916 -2.13517 -4.23816 1.93126 4.51297 33.279
