-11.0971 -0.637293 -8.92272 -12.1871 -1.20509 8.36978 -2.29916 -14.5775 3.29761 1.11051 -7.92757 3.85802 73.33
-15.9997 -0.884392 -10.007 0.202868 -6.85233 -6.46771 -12.4107 -4.46301 -3.47789 -7.9481 -6.4859 0.933532 29.8893
-13.6171 2.36966 -11.1636 -1.17392 -10.6759 -3.5495 -12.9204 -4.39239 -6.87638 -2.90531 -7.7836 -1.94082 29.9428
-14.5582 2.00024 -9.14116 -4.6791 -12.7757 -2.94034 -16.4959 -4.74522 -8.37903 -1.68285 -8.04326 -8.78781 29.5753
-13.963 2.76922 -9.54954 -3.42302 -16.0106 -7.34382 -13.9972 -7.31494 -10.9423 3.05174 -11.7547 -7.07654 28.9212
-14.6756 1.70226 -8.54398 -2.7569 -8.69573 -2.08232 -20.701 -7.74171 -8.43714 -4.90564 -2.86218 -5.0054 29.8467
-15.6256 0.497848 -7.61699 -1.82645 -11.2011 -7.57779 -10.7881 -3.15554 -3.47359 -1.70476 -16.6852 -7.54774 30.563
-14.5836 1.31213 -10.3855 -2.29423 -10.5177 -3.55796 -14.5986 -6.3514 -11.6225 -7.5388 -6.9277 -6.31447 29.2819
-15.7799 -0.896912 -12.3759 -5.78577 -9.86797 0.461064 -11.8188 -6.09944 -12.6073 -11.1303 -10.0097 -5.08877 30.4285
-15.8656 0.20954 -6.1288 -2.3222 -10.1395 -7.69284 -12.8263 -2.1435 -4.23425 -3.00366 -8.65244 -5.56504 30.3282
-15.7263 -0.341478 -10.8652 -1.75143 -8.90344 -5.04117 -13.2634 -3.26652 -0.552839 -4.97174 -12.5249 -9.93329 30.0171
-15.8812 -0.301782 -8.98482 -1.00291 -12.2327 -9.81368 -8.57028 -5.77733 -7.48799 -2.68296 -14.5769 -9.3242 30.3641
-16.4993 -1.41075 -8.63274 -1.91608 -8.13392 -5.15154 -7.68718 -5.05972 -4.17278 -0.831051 -13.8561 -8.14699 30.202
-16.0604 -0.781911 -8.93527 -1.15255 -9.87238 -7.53696 -11.1215 -7.58707 -11.7123 -6.51769 -9.12779 -5.26918 29.8238
-15.1185 1.47363 -6.70013 -1.83967 -11.9868 -6.14057 -6.17029 -3.90267 -11.4671 -2.13748 -12.252 -0.367018 29.6634
-15.3879 -0.147986 -10.2047 1.31278 -10.3531 -9.97867 -5.6446 -2.28514 -7.0353 -4.5672 -4.33841 0.365787 29.7333
-14.989 1.30925 -7.08313 -2.05664 -9.83672 -2.78131 -9.35042 -1.17061 -7.77693 -2.81555 -3.50027 -0.783185 29.2805
-17.8 -2.65072 -5.38466 -3.90046 -9.11545 -7.21788 -9.61223 -5.70029 -9.72497 -4.56983 -6.73677 -1.52514 28.8063
-17.1736 -2.00669 -8.129 -6.35283 -10.4308 -1.95628 -5.26346 -3.36655 -10.498 -5.59388 -11.7982 -4.9903 29.3803
-16.1807 -1.69111 -11.2439 -1.66399 -9.34337 -6.97979 -10.4601 -9.59903 -9.38154 -1.61235 -3.54066 0.140563 30.8081
-16.8608 -1.66254 -8.72892 -7.80168 -12.0943 -1.44759 -7.48712 0.0726835 -7.31898 -3.12244 -8.06554 -4.10715 30.1515
-16.1725 -1.69751 -11.2338 -2.04477 -7.61688 -4.93439 -12.1417 -3.93111 -0.731299 -3.62375 -5.75209 -6.62156 29.8124
-16.0868 -1.86782 -12.102 -2.04425 -8.46319 -4.67123 -7.21845 -1.60652 -0.52119 -0.919528 -5.1209 -5.66323 28.8064
-16.5256 -1.13772 -10.462 -5.27255 -13.7668 -10.5374 -15.0388 -3.719 -2.75722 0.725903 -4.66392 -3.55688 29.0257
-17.7024 -1.83915 -4.95474 -1.2346 -11.004 -15.2709 -6.13626 0.496156 -1.60724 -2.50434 -3.4712 1.95723 31.0646
-16.2325 -0.173542 -6.43832 -2.80467 -12.1555 -8.51139 -10.0666 -0.456772 -6.16143 -3.67919 -3.71695 2.483 30.2512
-16.7653 -2.27039 -10.1444 -1.46367 -5.91714 -3.46116 -12.067 -11.9439 -9.10421 -3.87236 -8.08351 -4.23739 29.3241
-15.7234 -0.982023 -11.9036 -2.52222 -11.302 -6.73558 -7.90353 -4.11415 -8.77756 -7.34148 -11.4553 -5.7505 30.1845
-16.5247 0.00829996 -4.25791 -4.42079 -8.57491 -0.722605 -10.6276 -2.03537 -9.12884 -6.97788 -14.3038 -5.50126 29.2605
-15.0209 -0.524657 -10.0643 -4.59244 -13.3378 -2.8328 -12.8733 -7.17074 -7.56489 -3.08011 -12.3254 -7.18851 30.0778
-14.7308 -0.813058 -14.3136 0.403971 -10.9249 -6.45506 -8.53024 -6.37936 -8.53688 -10.8489 -9.50226 -5.709 30.1333
-15.0532 0.364715 -11.9779 -3.77828 -9.03761 1.52508 -8.71904 -8.01751 -11.9923 -2.45275 -4.22948 -6.53242 29.5054
-17.7298 -1.8237 -5.00636 -7.68139 -9.38731 3.07325 -1.6568 -4.18857 -15.0726 -2.21996 -10.819 -8.46598 28.3886
-16.2303 -1.72706 -12.2025 -4.22502 -10.7423 -3.35101 -7.62793 -7.65377 -12.1792 -5.28063 -11.2001 -4.71914 29.3502
-16.812 -0.595491 -5.13099 -1.85277 -6.76555 -1.64823 -13.1335 -13.2264 -17.0223 -3.16714 -6.46106 -2.13599 29.681
-15.6135 0.977784 -6.96444 -4.4958 -10.9559 -2.37473 -14.3496 -8.8719 -11.0616 0.144579 -9.79137 -2.30066 29.0525
-15.3761 0.827001 -8.31672 -0.804237 -8.38733 -6.50293 -18.1721 -4.72393 -5.07117 -11.5611 -12.5778 -8.65292 29.0898
-16.8921 -1.89678 -9.50229 -4.40713 -9.41747 -4.72619 -11.0039 -3.6823 -8.79767 -11.3928 -8.4248 -4.9176 30.0248
-16.8272 0.409326 -6.45384 -3.74554 -10.7284 -4.68623 -9.35521 -8.27969 -8.85553 -0.816334 -5.60486 -6.34868 30.8454
-18.9959 -3.62755 -8.30281 -8.12052 -0.646716 1.65434 -4.09743 -13.6821 -6.36848 -5.46265 -6.75897 -6.30706 33.8818
-17.0929 -4.00862 -12.6579 -9.92762 -9.70148 -0.664865 -9.6981 -7.14287 -10.6484 -0.988156 -4.87376 -6.14689 31.6063
-16.5412 -0.445197 -6.7335 -8.36916 -13.1618 -0.350991 -7.08815 -6.17894 -17.2709 -3.77785 -11.3461 -4.05367 29.9523
-17.7599 -0.893611 -7.48227 -9.99244 -12.7237 -7.51176 -7.39 0.0808404 -11.4359 2.15805 1.84244 1.58861 30.8668
-18.9172 -1.60912 -7.93511 -16.9525 -9.20913 -6.55058 -9.52804 7.36908 -12.0989 -4.13164 3.10186 -2.78491 32.1814
-18.7088 -4.40938 -3.04795 -6.26402 -1.49008 -2.09035 1.55065 4.6061 0.393056 2.79588 0.41765 -8.96884 31.1446
-13.5913 3.38988 0.823981 -5.30218 -3.58045 -2.88744 -11.6981 -3.2778 -2.24512 -1.13537 -4.97641 -14.1335 33.4681
-3.61729 9.14331 -5.11776 -13.9229 -12.2051 -5.39335 -11.7217 1.38302 -4.60007 -8.65152 -1.81246 -6.31026 39.9997
-9.00392 17.013 -4.42971 -21.8131 -18.0547 -9.0685 -14.0751 -1.46056 -6.22368 -15.9774 5.04125 -9.841 47.5015
-11.7943 17.7626 -6.41789 -25.3642 -16.272 -5.86755 -17.951 -1.67866 1.07332 -14.3122 9.12451 -14.9561 49.9139
-7.41824 12.4452 -5.09459 -25.4859 -18.2133 -7.06551 -19.1368 -1.05934 -1.90192 -18.4554 2.42414 -8.7772 50.783
-7.89724 14.5006 -6.53015 -18.5874 -15.2102 -14.4075 -20.1936 3.66789 -0.21099 -15.8102 4.38195 -4.88582 50.938
-7.39304 16.0288 -10.3004 -11.1569 -18.1583 -12.1398 -16.6866 -9.26779 3.5787 -8.63267 3.78433 -7.21847 51.2408
-8.95798 14.0299 -4.53106 -16.9857 -19.4124 -6.23393 -19.7209 -8.34035 2.6318 -12.3763 12.2804 -8.27503 54.0051
-10.2859 12.5765 -4.29615 -23.8477 -15.2737 -10.7619 -20.8997 -3.55426 2.69327 -9.88766 6.07626 -5.81793 56.9308
-11.1962 11.0501 -6.25751 -28.0313 -17.3847 -11.1422 -15.8638 -7.3537 5.28997 -8.93777 4.27038 -5.67896 59.6907
-11.3935 5.72108 -5.5972 -29.1177 -20.1597 -12.3366 -12.6322 -3.00751 11.3133 -11.2721 1.08626 -3.95182 62.6281
-12.9545 3.60097 -7.74601 -32.1982 -13.4184 -15.5764 -7.46878 -0.503539 9.90429 -3.62956 3.03664 -4.75229 66.034
-15.3353 0.532809 -8.32034 -34.2903 -17.0469 -8.28054 -0.76473 -0.0185216 10.1482 -7.0066 -5.26714 -2.73481 68.773
-14.1688 -2.66314 -6.96962 -26.6601 -11.2177 -1.48753 4.58648 -1.68823 7.14468 -6.55473 -6.62746 6.99131 69.2028
-15.0511 -10.8556 -10.675 -28.0473 -14.6016 -0.351533 1.815 -4.45813 -0.0347173 -9.94741 -13.8158 5.73353 70.3246
-20.0845 -8.95013 -11.5303 -27.2038 -11.172 3.84736 6.16403 -8.91444 -3.17921 -7.32771 -9.60877 4.33753 73.2216
-22.3928 -8.28707 -11.9223 -23.2857 -9.55868 4.3995 3.73261 -13.7669 -8.98613 -5.18574 -10.1838 3.13159 72.7256
-19.1938 -5.68427 -9.25766 -17.0419 -4.2218 9.80714 9.80413 -9.08471 -5.9856 0.274378 -9.05156 5.41379 72.5345
-9.4318 -12.8108 -9.36445 -19.4129 -8.76453 8.63132 5.49124 -10.6976 -11.566 0.81305 -14.8827 7.63191 64.5651
-8.17269 -7.62551 -14.0273 -17.4698 -5.70569 1.7429 1.14175 -8.53406 -12.5094 -2.24661 -9.59258 4.57069 59.5484
-11.0873 -8.09594 -11.7373 -16.1237 -8.55357 3.26785 -0.749813 -16.8954 -10.2882 -3.65663 -15.7041 2.80883 58.188
-15.6894 -6.91965 -7.28128 -19.2543 -3.89414 -1.5245 5.05918 -20.5499 -11.7612 0.871888 -10.2558 1.68019 56.8783
-15.9341 -12.2578 -5.47134 -14.1782 -4.82973 -3.01033 1.43491 -19.2081 -2.8293 -2.05127 -12.8219 5.26465 55.2
-15.384 -8.09426 -5.83133 -9.29415 -8.0997 1.30296 -0.251713 -22.8653 -3.22238 2.90019 -12.0435 0.963652 51.8932
-21.414 -5.65837 -8.97883 -7.57793 -4.39862 1.52036 5.19057 -12.269 -6.22474 0.345742 -0.643768 3.85501 47.7562
-22.5743 -5.06587 -16.1016 -6.80461 -3.21602 -3.14949 0.459161 0.872789 3.89983 -5.47585 -4.99965 -0.454067 45.4728
-21.8445 -1.08468 -16.1064 -11.7218 -12.9536 4.66745 2.10577 -0.272498 -5.10999 -1.30893 1.38688 -3.02655 44.4481
-24.0106 0.198126 -14.0157 -6.43373 -8.61122 -1.35087 -5.45951 -2.46664 -10.5596 0.214564 -5.82155 2.86732 43.7073
-22.0205 1.23862 -13.8115 -9.85415 -9.77336 -0.0788771 -4.63847 3.46696 -2.84701 0.443042 -7.47887 3.29524 43.2558
-24.1175 -0.520605 -13.1863 -4.90034 -8.00018 -1.85638 -4.50011 4.73929 -1.33855 3.52491 -5.80611 -4.13963 41.0747
-24.5077 0.24562 -15.2711 -9.15234 -10.5463 -2.98418 -1.97054 -5.40139 -9.88071 -9.73797 -6.57478 2.32429 42.9248
-23.7624 0.57113 -14.1466 -4.59981 -10.0203 -4.09179 -5.41053 -6.03306 -2.49441 1.39922 7.90696 -0.238243 42.4054
-25.327 -3.97746 -16.8444 -4.51053 -15.0723 -5.66965 -4.82116 -1.4084 8.26885 0.935764 1.23763 -3.05714 42.5073
-24.3414 -1.69613 -16.1004 -7.63478 -9.59384 1.47683 -1.76475 -0.607565 1.32895 1.16946 1.59768 -1.4062 42.9235
-23.8932 -0.576669 -12.1525 -9.49965 -5.42395 -2.34224 -7.76898 -7.00233 0.635918 -3.94859 -1.15046 2.23068 42.937
-22.5609 -2.30528 -15.7594 -7.31526 -14.6991 2.3649 -4.46349 -5.14599 -2.07602 -4.23189 -5.69299 -1.43949 43.4878
-17.4911 3.0935 -21.8995 -10.3489 -10.1951 7.81201 -1.83665 -0.608571 -11.4094 -13.1816 -6.86496 -1.58458 48.084
-18.622 5.22389 -9.77077 -2.0116 -8.38821 6.26214 0.222899 8.55699 0.616622 -3.38343 -9.55239 -0.892031 47.0484
-25.5452 5.88925 -16.0665 12.9884 -14.7712 10.0783 -4.98305 4.74372 -3.57099 -1.59073 -9.76447 -8.89898 45.2932
-23.2913 7.88381 -18.1802 3.21238 -17.7213 -3.88449 -1.58443 -11.5835 0.495479 -5.02381 -2.28906 -2.81381 48.0093
-12.9602 2.79536 -14.5037 -1.53736 -6.70552 -18.218 1.11096 -10.2495 9.96984 -20.6552 -0.702929 -2.14871 47.1054
-4.96439 -5.69262 -15.238 -4.86913 -8.29943 -11.3164 -8.07487 -12.6678 -14.9732 -14.2144 -6.93712 -1.97255 45.0935
-2.74242 -9.42577 -12.8688 -1.53318 -7.88646 -10.2331 -3.98333 -4.42398 -4.89637 -6.58625 -7.61715 -8.88617 47.2693
-3.36188 -5.48858 -12.6462 -8.64701 -11.1156 -10.6935 -1.66894 -3.96452 2.36961 -5.40097 -9.0599 -9.64043 46.4805
-4.91984 -6.45755 -15.7816 -9.14754 -8.50079 -4.33425 -1.71468 -11.3188 -9.23804 -4.95512 -10.3693 -12.7849 46.0595
-3.54997 -6.76429 -14.3906 -2.51591 -9.15213 -11.0741 -6.38772 -11.2848 -9.6767 -0.472627 1.3062 -4.66144 46.4395
0.168439 -6.2706 -18.5868 -8.18777 -2.30631 -7.83462 -8.46423 -5.41792 -5.18336 -7.18896 -4.21288 -11.8607 46.3658
-3.63045 -6.84189 -16.7359 -12.9115 -7.6945 -5.77627 -3.23796 -6.91747 -2.05211 10.8317 -5.70371 -9.5253 43.8016
-3.33109 -1.36829 -11.5242 -6.06387 -1.80287 -10.4836 -11.9929 -11.5424 -6.22655 -0.496506 1.91575 -6.52074 44.2613
-4.17546 -6.11738 -11.9755 -12.4536 -4.44716 -9.9749 -6.80979 -11.2017 -6.93537 -6.04866 3.21511 -0.501729 45.8318
-3.26534 -6.76503 -13.5158 -9.83891 -9.97408 -10.7993 4.79766 1.3316 -4.32845 -7.30175 -9.94981 1.4424 44.9196
-3.86928 -3.50769 -15.9111 -5.02488 -8.65734 -6.94929 -1.49583 0.570367 -13.0798 -8.86798 -5.90563 -3.60522 43.2179
-3.31702 0.00316606 -10.7711 -5.66019 -11.2488 -8.38313 -7.31242 -3.42197 -10.5095 -8.13427 -8.21148 -7.98823 41.8119
-3.27571 -2.34666 -15.391 -8.65378 -4.69232 0.945451 2.31433 -6.31522 -5.34196 -14.7312 -7.25245 -2.77928 41.8938
-6.19288 -4.49655 -18.0802 -12.6328 -7.18847 -0.135774 -1.05345 2.04688 0.0762838 -0.253111 -2.0599 -1.86177 40.3409
-5.84821 -3.9655 -16.3643 -10.6719 -7.82784 -6.44161 -9.63751 -2.70332 -1.57328 0.515217 0.891707 -0.762899 40.2125
-4.7654 -1.58777 -19.1452 -11.6372 -11.1746 -12.5395 -3.98877 -6.10188 -1.55253 -6.61196 -2.69263 4.78825 41.0451
-3.63892 -2.91455 -17.9165 -14.9323 -10.2934 -5.5524 -5.75916 2.46373 -5.53718 -4.69083 1.57091 1.34972 41.8388
-5.67061 -10.5983 -14.1342 -11.4476 -12.9162 -12.9489 -10.5663 -6.37725 -3.71623 -3.79526 -6.22317 -7.68198 43.8352
-4.10812 -5.07355 -16.2473 -11.072 -11.4282 -17.901 -9.78644 -2.56017 -5.57146 -9.34085 -9.74679 4.86879 41.4572
-3.74524 -2.30798 -18.3919 -8.90619 -7.49389 -9.78942 -4.21313 0.944561 -3.18717 -8.47872 -0.841851 5.55637 42.3
-3.3028 -0.278207 -15.9337 -13.3074 -11.0975 -4.95386 -8.47392 -8.7438 -8.72849 0.229985 -0.71748 -5.17697 41.1553
-2.85013 -1.06066 -14.2603 -13.2766 -8.67339 -11.2982 -8.34019 2.63566 -6.68704 4.94984 -4.38782 4.57632 40.5809
-3.9581 -0.180585 -7.88454 -9.59931 -12.882 -11.3226 -8.74076 -0.891629 -0.148809 6.07774 -7.67247 -0.0965578 41.4543
-4.83399 -3.95747 -14.7338 -13.5036 -5.57878 -0.671926 -3.18195 -1.4876 -2.26402 -0.335264 4.05787 -8.81766 40.8328
-4.31365 -2.78033 -14.1551 -8.17617 -5.86922 -2.29774 -5.51058 -4.78611 -8.31644 -6.47084 -0.863751 -4.06237 41.2218
-1.59023 -0.676571 -13.4299 -3.39184 -5.34665 -3.49355 -7.42401 -7.20713 -10.3811 -5.32724 -4.11016 -5.19096 41.288
-1.77576 -4.95102 -20.0062 -9.33011 -2.48864 -4.45406 1.88714 -1.11533 -8.80676 -14.5526 -10.3654 -4.8239 43.2685
-3.29236 -3.33801 -20.1089 -9.5528 -4.65398 -6.74472 -1.10215 -7.02945 -9.27033 -11.9629 -5.78045 -1.91108 42.6687
-5.10432 -1.12883 -13.7535 -15.1326 -5.92152 4.17077 -7.88368 -5.99061 -1.0723 -4.83228 3.17827 -1.78767 40.3888
-6.76718 -0.803708 -16.4615 -17.1559 -10.8098 -1.94401 -9.8642 -10.3669 -11.3612 -2.59106 1.00426 -1.58289 39.4362
-7.0464 -2.58234 -17.3072 -9.85275 -11.8105 -2.66059 -5.48502 0.24512 -3.08757 -7.12061 -7.8028 -4.8931 37.9844
-4.2658 0.208265 -15.8159 -13.6819 -11.4341 -3.73712 -5.78258 -3.54846 -5.53495 -3.36446 -8.27734 0.681562 39.8542
-3.04924 -3.49589 -13.3061 -9.97379 -10.0232 -5.5132 -0.615525 -10.5148 -13.4533 -2.65155 -13.281 -0.49305 42.3377
-4.38476 1.39602 -15.4239 -12.8052 -13.1698 -15.5774 -9.52795 -6.74628 -12.7604 2.23632 -3.92277 -9.48104 39.6189
-4.23782 -2.22087 -19.4126 -9.37983 -6.03431 -10.1476 -5.30837 -5.01694 -11.2749 -1.67154 -2.90309 -4.34512 39.5684
-4.44009 0.521798 -20.5502 -11.4119 -4.80234 -6.5383 -4.4345 -5.64373 -7.99766 -7.54739 -9.44682 -6.96396 40.4632
-5.49866 -0.0903874 -15.7506 -13.9167 -12.9076 -8.50255 -12.9384 -8.08348 -0.592013 -6.298 -11.8877 -3.67499 39.439
-4.71 2.60456 -10.3878 -11.2995 -14.6999 -9.93494 -6.94554 -5.69595 -10.3478 -2.10263 -9.79967 -2.9024 38.3569
-4.74142 2.0881 -14.2022 -12.0263 -14.9603 -2.20692 -7.7722 -2.5334 -3.44883 -6.96967 -8.55962 -6.67282 38.3376
-3.27999 1.50424 -13.8517 -10.0568 -13.9293 -9.72074 -8.92756 -1.40008 -1.33347 -6.81078 -7.67951 -2.5335 40.1133
-3.93799 -0.815382 -16.0976 -7.67448 -9.32179 -11.8649 -6.20507 -3.94951 -8.62124 -5.66605 -2.12283 0.559718 39.6909
-4.81993 2.60348 -13.5002 -11.9929 -12.0087 -8.39847 -10.3857 -2.48399 -8.04873 -10.7584 -2.9702 -0.365009 38.8391
-4.02772 -1.02631 -16.5887 -10.6605 -7.43873 -5.45132 -10.1682 -3.4706 -6.91672 -4.33397 -1.90883 -0.697108 38.9094
-3.24817 2.63219 -11.7027 -10.3249 -13.3268 -7.60094 -7.64419 2.01549 3.69136 -4.56701 -15.7256 -3.42294 38.9043
-6.1546 1.54871 -12.7777 -10.602 -11.0165 -0.295407 -8.34736 0.663736 -5.0702 -7.8429 -7.83845 1.08762 37.4725
-5.84062 -0.0118707 -16.7797 -11.405 -4.37525 1.88483 -7.79606 -5.17315 -2.38769 -8.84537 -21.2714 -4.70756 37.3283
-3.5854 -0.677343 -18.1008 -10.0805 -10.0758 -1.2792 -4.94357 -12.3297 -6.16785 -4.74469 -7.17876 -4.93927 39.9472
-3.51059 -0.941986 -16.0198 -11.423 -9.56081 -8.64763 -4.59979 -1.29858 -6.20308 -5.44889 -5.36793 -6.99896 40.7425
-5.62269 -0.11964 -12.763 -10.4344 -6.98172 -2.6552 -2.15822 4.68095 -2.32559 -10.3995 -8.73229 -4.34649 39.5007
-4.98263 -2.1992 -17.127 -12.246 -10.9729 -6.09179 -3.84778 -1.09738 -7.29953 -9.96167 -5.39919 2.89771 39.7713
-5.50292 2.98281 -18.9077 -14.6695 -10.0509 -12.1698 -8.0795 -2.14797 -1.98883 3.29025 -2.37207 -1.8521 39.593
-6.48728 -3.27634 -20.1132 -12.509 -3.86845 -6.55313 -7.8094 -2.93366 -5.66206 -0.106854 -4.48996 -0.0586343 40.2763
-4.67712 -4.69444 -19.478 -6.78082 -6.66319 -6.20992 -1.66291 -4.89219 -3.22123 -0.347605 4.95358 6.17044 41.0185
-2.52401 -3.3191 -12.5525 -0.662305 -7.51545 -9.11287 -2.95805 -11.4179 -9.29207 -5.99958 -5.04919 -2.94343 41.2464
-2.85639 -5.82704 -19.0335 -8.56203 -10.1847 -10.2312 -12.4069 -11.4778 -11.2978 -9.97367 -4.01566 -1.43731 42.254
-2.97574 -6.19344 -14.0235 -10.8403 -11.5318 -11.6505 -13.0533 -9.78411 -12.7139 -5.93523 -10.7467 -1.74316 42.1852
-3.24422 -9.70562 -14.3692 -5.73817 -7.27697 -4.50035 -7.04609 -5.97113 -7.73075 -7.47134 -10.6875 -2.75766 44.3977
