-12.1667 -7.48012 -10.5122 -5.07116 0.209558 -6.77311 5.18433 2.45688 4.84571 -1.69249 11.3427 7.03774 74.0531
-18.4781 -5.43297 -4.54946 -0.737815 -5.15354 -5.55512 -5.05067 -3.33744 -3.40936 4.61829 -1.71458 2.50245 34.3726
-13.1394 0.912547 -1.45984 2.50372 -1.68774 2.03147 1.21103 0.916609 -1.53531 -4.74027 -3.48704 4.91229 35.5644
-13.515 -1.23245 -0.943965 -2.95633 -1.59343 -4.18097 6.54862 -3.56398 -12.5095 -3.92203 7.28503 5.08588 35.3499
-14.7509 -4.89164 -8.2231 -7.15085 0.258932 -3.98749 0.627852 -0.690071 -5.58287 2.76875 9.96913 2.42274 35.9932
-13.9385 -2.4963 -2.82275 -7.83184 -2.79692 -10.6559 4.39348 1.81744 -7.11403 2.18275 2.56164 1.88328 36.7351
-16.3868 -4.08203 -1.80135 -4.39116 -5.07033 -4.40721 7.42359 -1.22428 -0.860462 -0.749361 0.652284 1.33532 36.4928
-17.473 -5.11796 -1.47288 -0.86722 -0.875595 -2.91494 2.80299 -6.85502 -2.37237 -1.78153 7.78955 0.297584 36.1901
-19.4444 -6.3361 -2.55415 -1.19714 -5.55357 0.119037 9.03934 -6.31846 7.59506 4.12827 7.95595 2.61268 36.4495
-19.3025 -4.62604 1.0086 -1.43957 -0.626196 -5.34591 5.47809 -5.40899 8.24396 1.61857 11.532 2.93874 36.2706
-17.8663 -5.99913 -0.187933 -2.49456 -3.73234 0.230474 6.37199 1.42739 1.40954 -4.69727 6.66472 -3.64645 36.5249
-17.4483 -3.36724 -1.29495 -5.31253 -5.23435 0.431066 12.0041 2.0394 -4.45737 -0.196269 8.21493 -1.08357 35.9375
-17.7092 -2.61888 -0.384305 -6.48012 -10.1568 -7.08935 6.00087 4.30839 -0.791054 3.23119 12.509 2.29956 35.6415
-15.7855 -3.25998 -3.31005 -2.4403 -6.94243 3.42154 7.66994 -0.188191 -2.63907 0.033413 3.35117 -3.24712 35.5631
-14.6294 -1.71574 -2.98384 -5.2047 -2.71877 -5.84502 7.38397 -2.70435 -3.28099 7.50352 3.99077 -2.38476 34.8779
-15.1566 -2.51226 -1.82516 -6.99541 -4.86746 -4.75334 7.82059 -3.21346 -3.31611 -1.92662 5.46974 1.22328 35.4826
-15.7708 -0.304964 -2.09675 -6.04071 -1.07555 -7.61404 7.95254 -10.2948 -4.43535 5.72078 10.709 5.69339 35.1889
-15.3819 1.39449 -4.37097 -6.73152 -4.25663 -5.64044 14.5199 -10.234 -4.46629 10.5801 5.67604 4.01997 34.7983
-17.7701 1.31089 -5.20418 -3.09353 -2.39663 -7.56288 13.5139 -7.19854 -6.64222 3.68979 11.492 2.66057 35.3643
-17.798 0.345495 -3.01938 -4.19572 -5.18665 -11.5289 12.7847 7.95356 -4.13732 8.15776 12.6113 2.90618 33.3143
-16.4546 -0.302941 -0.837594 0.598901 -0.154508 -6.10247 12.6972 -3.72288 -13.0975 -2.15933 0.565911 1.48792 33.1499
-16.0475 -0.995451 -1.96648 -0.108066 -5.01567 2.00314 16.8674 0.902255 -3.80342 -4.32748 1.24398 3.35231 32.4523
-15.8482 -2.42974 0.781355 -0.345808 -5.56163 -1.23522 4.28772 3.30341 -6.19598 6.26786 9.89517 1.96898 32.3076
-15.1522 -1.49176 1.46531 2.30959 -0.0816529 -2.62972 2.71412 -3.90574 -4.16203 5.94212 8.4367 -3.89384 33.025
-16.1717 -2.42042 -1.92487 2.32779 0.876984 -0.391625 14.6129 -2.74237 -10.5454 0.538841 4.38512 4.54384 32.2153
-15.2671 -3.70487 -4.43476 1.31287 -4.35714 5.35166 13.506 -4.93321 -0.708328 1.89889 8.47301 2.51012 32.1531
-13.9793 -3.43919 -3.74713 -2.26024 -6.13471 2.78074 14.588 3.66987 -3.23535 -1.09124 4.72077 -3.9764 33.0863
-12.6616 -1.03365 -4.83165 -6.53645 -3.60256 -3.82929 15.0135 7.5325 -8.27635 1.70238 0.906577 -3.14324 34.7717
-12.8828 -2.74014 -8.14244 -7.3037 -6.28465 -1.66061 12.2774 4.34481 -9.31639 5.65061 1.95739 -0.106804 34.251
-14.1232 -0.772276 -5.70966 -0.742855 -5.55039 -8.41216 9.00742 4.73922 -6.42981 6.54474 6.00273 -1.16279 33.4032
-14.3323 -0.771333 -6.65927 -4.74722 -6.01621 1.52673 17.2506 5.85468 -4.54428 0.429268 -1.06053 -4.47217 33.1063
-14.1914 0.245445 -7.60957 -8.25558 -10.411 -2.41844 14.6492 7.32258 -3.43759 7.51373 3.85134 -8.55537 33.6985
-12.6278 -1.70015 -6.80388 -7.92288 -9.63163 -0.401054 8.93223 6.53928 -3.52034 0.726405 1.50635 -6.91017 34.8534
-11.6106 -1.11409 -5.58098 -6.39641 -14.1141 -8.17608 6.35158 4.63883 -4.96668 -1.79771 -2.55456 -1.71582 35.2722
-15.0108 0.429422 -6.02529 -3.07809 -12.4742 -4.19739 8.40919 3.68583 -5.26852 -2.07488 9.56551 -1.11258 34.1711
-15.2619 0.17532 -7.05788 -0.768254 -12.4088 -6.14191 4.59931 1.40845 -0.888997 5.21444 10.8617 4.78725 34.0514
-14.3877 -0.647168 -6.56545 0.381902 -8.22782 -4.28685 9.05387 7.24 -8.42425 1.89013 5.89223 -3.87184 34.2046
-17.0538 -1.37107 -3.50371 1.52467 -8.176 -2.75185 8.18337 4.17763 0.360039 3.41245 5.54347 -1.14339 33.3265
-17.0408 -1.43397 -7.12758 -1.66125 -8.37603 3.29916 9.57155 7.3492 -0.60269 6.74251 9.51751 -1.79514 33.77
-16.31 -0.40455 -4.12361 -0.801522 -6.99435 -5.24043 5.8601 -0.972313 -3.08956 5.7454 11.2906 -2.95293 34.1234
-16.922 0.594586 -3.63915 -0.177859 -8.86371 -6.22955 8.29787 -2.68656 -1.32248 2.23586 11.5282 0.683939 34.9606
-15.8179 -0.49488 -8.44333 -2.64516 -3.85717 0.0761084 14.7348 -4.79362 -5.9834 6.42069 16.258 -3.14081 33.1731
-17.5163 1.40089 -8.00501 2.01395 -1.0826 -2.18434 7.65491 -1.44814 -12.8437 5.23341 12.6538 -1.04384 33.7499
-16.668 -1.0386 -11.5321 0.22723 -6.90511 -0.92638 15.0135 5.94653 0.696531 2.8548 7.5828 -4.02148 35.0661
-17.0006 1.56269 -9.06105 1.53506 -8.97588 -1.40119 17.2693 3.08099 -0.582137 -4.18294 3.93774 -4.23255 34.6707
-17.6789 0.760874 -9.84878 -3.53253 -9.26849 -0.020311 19.6061 12.0017 6.13124 -0.284713 3.75723 -10.4206 35.2931
-16.3809 0.463538 -9.22491 -6.80026 -7.55329 4.74998 15.8416 4.06394 0.539673 -1.55982 3.95408 -2.52524 35.0605
-14.9156 1.45847 -5.20471 -5.31769 -10.6359 -5.39312 11.5797 -1.07967 -3.24487 2.83539 4.12314 -3.14533 35.2315
-14.6867 1.21681 -5.01258 -4.31634 -11.8362 -4.55337 12.7204 -2.95979 0.415584 -0.199119 3.69173 -5.9517 35.0849
-14.4364 1.86153 -7.83178 -7.83913 -10.6636 -9.35001 14.1419 3.91672 0.27135 2.0478 6.96395 -6.14535 35.3293
-15.217 1.07565 -6.49354 -9.04806 -7.84447 -4.52883 15.6792 7.19553 1.5263 -2.27876 4.04682 -6.92854 34.7729
-15.4766 -0.0409871 -5.99066 -7.86178 -5.46413 -0.242588 17.2806 7.88001 -3.0655 5.8457 5.82606 -5.53235 33.9941
-14.7202 -2.31875 -3.79896 -6.76739 -6.73308 -2.7469 14.6164 9.93396 -8.68815 5.60435 5.1596 1.52978 34.2495
-15.6546 -3.79042 -7.08674 -2.75613 -2.08221 1.83809 13.4906 2.28663 -4.65478 6.52968 6.87288 -1.12219 34.4985
-15.486 -3.6768 -5.98999 -3.40033 -0.987786 3.32436 15.7203 5.63526 -4.44162 4.95445 -0.48371 -6.41826 34.5292
-13.5639 -1.95035 -9.40695 -2.43792 -7.32519 -0.587029 12.5932 -2.06305 -4.15666 9.34929 6.58393 -2.07066 34.3426
-14.3241 -2.09864 -8.88483 -3.04154 -6.77624 -4.44828 17.2919 6.03078 0.132747 3.14698 5.73884 -5.11926 33.411
-14.1382 -0.371331 -6.25046 -2.31587 -9.70409 -3.68745 13.9217 3.29239 0.705716 0.91818 6.47637 -6.07866 33.3457
-15.1295 -2.46525 -4.67041 -4.22383 -5.47949 -1.49051 10.2786 5.76454 -2.60008 4.9685 2.70749 -5.90102 33.7954
-14.3607 -2.21623 -6.83724 -5.04996 -2.25117 -1.47323 10.0312 0.401576 -13.9048 2.33469 7.33953 -3.18261 34.9494
-15.0588 -0.915041 -4.04354 -7.1105 -6.97851 -5.7459 13.6052 5.38548 -4.87315 3.5394 4.78295 -5.26928 35.6616
-15.8478 -3.39103 -7.27608 -6.78786 -10.5745 -6.51662 15.046 6.73554 3.20638 3.23207 7.71467 -5.15029 35.6996
-15.8936 -2.19106 -8.61423 -2.15527 -9.25436 -3.74705 10.8347 4.34147 -0.613198 1.12765 10.0918 -2.03121 36.0729
-16.4175 -2.13242 -6.29427 1.03794 -7.79238 -7.24478 10.1718 4.18828 1.34041 5.80052 13.9849 -3.51283 34.9398
-12.3271 -3.59629 -16.6096 -1.98167 -8.07569 -6.16306 4.64085 1.27252 1.19741 1.05048 11.0946 -2.80722 38.696
-6.9961 2.8139 -19.0133 -4.4301 -20.2077 -12.5962 -3.81906 -7.13316 -0.107652 -3.67042 4.1414 -5.61545 42.3026
-6.67492 8.77928 -18.9484 -12.1491 -28.8922 -11.6674 -6.16017 -7.41295 0.155682 -7.33204 2.06779 -6.83695 45.7533
-7.21958 9.36385 -18.1668 -12.7111 -23.6068 -11.8518 -1.97532 -8.18386 -7.58868 -3.1286 -2.36868 -8.94767 44.4537
-7.9956 8.85201 -19.7998 -8.55166 -21.4578 -7.5879 0.233335 -8.31073 -7.5913 -8.4286 -4.64009 -15.8606 44.4789
-8.70886 8.83502 -16.8447 -10.477 -17.068 -5.46968 -3.66739 -7.2287 -3.48861 -13.8562 -0.552301 -13.6532 45.5231
-10.898 9.02083 -12.6637 -12.065 -22.4014 -5.33845 -2.81003 -8.08654 -4.53647 -15.0997 -0.593886 -10.7232 46.0253
-11.5587 6.52816 -14.1622 -12.0525 -18.7378 -9.2141 -5.41661 -3.15037 -10.732 -14.8863 -1.92058 -5.77566 47.5236
-12.4563 3.55958 -15.7674 -9.00667 -19.685 -11.1791 -8.1396 -3.44182 -10.6315 -16.0821 -1.95696 -6.77668 49.4373
-11.4593 2.90122 -19.9565 -10.3966 -20.8311 -12.3365 -8.84035 -11.7554 -4.30292 -14.3512 -8.78172 -10.0045 49.5061
-9.89744 2.69292 -20.9732 -9.67345 -19.6076 -5.14417 -7.05393 -8.65259 -6.19163 -12.3887 -5.47065 -4.19344 51.4581
-11.6025 7.66563 -22.3414 -14.5731 -20.4159 -12.825 -6.71543 -7.20704 -5.73144 -16.3531 -1.29873 -7.6205 51.032
-10.6518 9.51597 -26.3688 -9.01598 -19.3641 -5.69904 -4.75893 -6.84865 -5.13543 -17.4342 -0.903906 -7.4292 53.2626
-11.8619 7.80608 -26.9186 -12.0747 -16.904 -3.58158 -1.96862 -4.69766 -2.49654 -22.6056 -4.8966 -7.12522 56.7811
-13.5573 1.68564 -27.3828 -11.679 -14.7093 -5.63619 8.38841 -1.17152 -3.13149 -29.0332 -5.56165 -6.17901 60.8519
-15.7909 -3.15948 -29.9826 -14.4248 -12.6418 -7.47303 6.86937 -9.52369 -4.52855 -18.508 -7.34761 -7.0828 63.5067
-14.8562 -0.844453 -25.2797 -10.1043 -2.75453 -1.25547 7.10789 -12.8678 -6.45236 -11.5822 -5.34163 -5.37156 63.2334
-17.4349 -6.177 -25.1439 -11.9265 -2.7961 -6.70158 4.41043 -22.3515 -8.72015 -10.3473 -3.77662 -5.84801 63.7143
-16.7158 -5.68087 -22.4932 -13.7172 3.86059 -4.75221 0.900806 -22.9742 -12.9385 -5.16535 2.04955 -4.36152 65.1657
-16.1471 -4.7142 -19.8738 -11.8535 10.0754 -7.30533 -7.48383 -20.45 -11.2931 -1.06929 3.67983 -0.906839 66.3378
-16.7336 -3.73869 -20.6516 -12.945 11.4817 -9.48163 -5.41215 -8.11811 -7.95271 -4.79775 1.88416 1.48919 65.5636
-19.7613 -8.85665 -22.7405 -19.384 5.19266 -15.1595 -11.3416 -11 -12.436 -10.0777 -5.60526 -2.36967 64.0354
-16.6096 -5.11836 -15.7056 -12.1263 11.4668 -8.55695 -6.05147 -3.59244 -4.2959 -2.23138 -4.24275 -3.94674 65.6536
-19.2272 -9.10181 -19.1745 -14.687 5.88377 -12.726 -11.8695 -7.85202 -6.79194 1.10481 -8.09006 -6.71014 64.4705
-18.8727 -9.91793 -19.1297 -13.9398 4.96098 -12.1947 -12.7099 -6.47977 -7.01746 -1.28133 -11.6923 -11.5961 63.8446
-17.7672 -11.508 -17.9157 -14.7444 3.93122 -12.0768 -12.6828 -7.4326 -7.44588 -4.96843 -13.0221 -13.4494 62.3005
-15.5391 -11.1533 -17.7046 -15.3772 4.96759 -13.2264 -10.378 -7.47311 -8.2849 -6.6017 -11.4887 -11.0593 60.6238
-12.6629 -9.21138 -17.0158 -13.2086 4.46657 -8.72276 -6.61751 -6.49819 -7.91934 -3.70121 -4.03636 -12.0968 58.6484
-11.229 -6.59232 -19.78 -10.701 1.34064 -12.7649 -8.45078 -2.1907 -14.0016 -2.88917 -1.95981 -13.1231 56.7487
-11.3031 -3.48382 -16.9065 -14.2756 -2.06731 -15.9836 -7.18793 -3.47942 -15.1304 -3.49058 -5.7695 -7.56612 54.7058
-13.3484 -0.377154 -12.9906 -12.2935 -6.47442 -16.1014 -9.392 -9.23058 -19.4802 -4.136 -2.58964 -3.07816 53.3169
-16.1734 -2.98718 -17.0513 -11.0781 -0.10283 -14.4437 -6.41463 -10.2415 -16.4234 -6.33352 -9.67233 1.31255 55.0597
-18.1621 0.364552 -16.6797 -2.62057 -7.26673 -15.1959 -2.79131 -3.56836 -9.29101 -10.759 -5.76473 -0.716026 55.2108
-19.8702 -1.35087 -18.7601 -6.36883 -7.99521 -5.54719 -6.17873 -8.4943 -4.53292 -2.46356 -2.30044 3.9863 55.191
-18.4185 -1.94681 -20.423 -7.39182 -6.46473 -3.55898 -1.91049 -1.89711 0.00186352 -2.62556 -1.48759 -7.32332 52.4576
-18.4959 -0.902588 -15.8799 -0.432943 -3.09061 -6.46778 -6.84129 -4.43383 -0.679936 -5.58693 -1.94518 -7.89919 50.6611
-20.5383 0.23078 -13.3639 -2.81336 -6.11135 -3.06631 1.46659 -1.94149 -0.76679 4.23454 2.87867 3.34808 48.4023
-21.5198 3.80317 -16.401 -4.47422 -6.00954 -9.96858 4.65871 -2.3768 -2.31336 1.36132 1.52384 5.45978 48.3432
-19.7798 4.90108 -14.1156 -4.57313 -0.520903 -0.375693 1.04616 -1.98303 -6.06532 -6.66734 -2.35042 -5.07645 46.937
-19.4865 3.91841 -16.6799 -4.52747 -10.2657 -8.49619 -5.36419 -3.66359 6.71223 -4.89299 4.49784 -0.280831 48.0835
-19.5196 5.4883 -12.9933 -2.64193 -10.8865 -8.61569 -3.80738 -12.6657 -5.47758 1.54077 4.52905 -1.42495 47.0458
-18.0899 1.06777 -16.2334 -5.17338 -10.8186 -1.64802 2.4036 -11.7987 -4.42468 0.283938 1.90355 -0.812729 47.2724
-18.2364 0.809413 -16.588 -1.34193 -0.834687 -2.86239 1.40846 -11.1364 -6.7596 1.52348 1.07991 -2.25466 47.6219
-19.1121 -1.38498 -18.139 -5.11109 -4.18732 -8.16087 2.59737 -7.69663 8.10835 2.15666 7.29396 2.37573 47.6348
-20.0901 -2.28387 -16.6369 -0.872395 -5.68562 -11.1159 7.37605 -1.68571 4.37212 -2.8006 -0.549381 6.24046 47.5408
-17.6936 -0.837121 -13.8925 -8.17598 -11.3707 -13.8775 0.276593 -2.79335 -2.57205 -0.51237 2.46562 7.06552 48.3783
-19.2822 -0.968023 -17.4901 -9.11916 -8.04106 -12.1314 -1.03125 -2.91668 5.88395 10.535 6.52225 0.837649 47.6774
-20.2876 -1.75548 -15.987 -5.97471 -4.065 -7.50539 2.08216 -4.2888 -2.82969 4.35476 -0.451705 1.10227 47.7269
-17.9137 -4.80429 -23.4331 -10.9327 -10.1628 -3.74065 1.28288 -0.544419 8.14718 3.13694 2.24725 7.50158 48.6843
-18.3352 -2.37319 -19.4902 -7.1217 -4.97962 -8.92167 5.04836 2.37789 1.86447 10.4962 0.334561 2.9017 48.1903
-19.5261 1.35952 -15.6612 -3.69726 -9.62617 -16.3941 -3.36848 0.459598 3.52308 7.83774 1.75294 -1.15423 48.5022
-17.5961 3.1563 -14.084 -8.16994 -11.929 -13.3949 -1.77166 -6.95763 -0.690519 -2.2427 2.19788 -3.20132 49.1117
-14.8143 0.351592 -14.2133 -4.12455 -2.53465 -10.6891 -1.16838 -7.15883 -2.85921 -10.5329 2.29541 -3.63346 45.8623
-13.1584 -0.567495 -11.938 -5.87248 1.93647 -11.1634 -5.26114 -4.98469 -2.11955 -0.077682 2.58155 -3.38062 42.6102
-12.6381 -3.47284 -10.1099 -5.47466 0.618979 -14.9181 2.14425 -4.61503 -7.31013 -0.0708631 7.08343 0.0132655 41.2332
-14.1722 -2.4149 -8.63023 -4.39605 -4.27511 -10.7612 4.28455 -5.35625 0.75577 -1.96932 9.21249 5.36732 39.2571
-11.8564 -5.55584 -8.90919 -8.78466 -2.83572 -10.6363 4.93167 4.30589 2.91651 0.302556 9.78202 4.12066 38.0401
-12.8578 -4.57508 -5.45523 -7.25537 -10.7663 -11.1623 3.56673 4.84004 0.362128 3.14256 4.67645 4.06207 36.7364
-11.2765 0.832282 -1.32665 -4.52191 -9.23067 -10.9584 4.32455 -3.12291 -5.97983 -1.7033 7.00532 4.25336 36.8992
-12.9284 1.11383 -6.0896 -6.08533 -5.83671 -0.992504 9.20196 -4.67113 -4.441 3.78702 0.369811 0.598171 35.3888
-15.7515 -2.64051 -4.45418 0.456081 -7.3601 0.274807 9.2354 1.56696 0.13859 2.47943 6.4333 1.85319 34.0942
-15.9147 -2.30072 -4.2655 -0.418684 -0.515236 -3.04479 4.28342 -2.44422 -6.36018 8.41947 5.1308 0.927748 34.4296
-15.5797 -2.66321 -3.65419 -3.7446 -7.70281 -4.29741 7.80365 0.257134 -0.105524 5.17104 3.08793 1.03507 34.3389
-15.4543 -3.90041 -5.58091 -0.781441 -5.07733 0.652669 12.2743 7.98817 -0.379931 -4.27618 3.75255 2.27478 33.3438
-15.2499 -3.29209 -2.78944 -2.42152 -6.00987 -1.31946 6.46109 -2.04369 2.47691 -6.98162 1.45153 0.662224 34.7094
-16.0735 -2.63454 -2.16481 -0.094856 -5.02018 1.4092 6.18578 -5.43813 -3.93668 -2.8076 5.94435 4.10213 34.5412
-17.1519 -4.18329 -5.18265 -2.60938 -3.19039 -2.10676 6.44092 -0.353445 -2.48652 3.37021 9.1089 8.68392 34.0988
-16.854 -2.42985 -2.55162 1.72472 -3.78741 -1.33032 12.2519 -2.1223 -4.34552 -3.24476 4.90689 5.97189 33.2935
-16.8764 -1.68491 0.103763 0.699978 -2.03033 2.11712 8.19125 1.2743 -1.58923 -5.37752 5.38693 -3.59914 34.0925
-19.7121 -2.82857 -4.04398 -3.35648 -2.70065 5.69679 13.0349 6.06588 0.30306 1.85578 8.27077 3.2919 32.4767
-17.2055 -2.52037 -6.10618 -4.78166 -5.08819 -1.17437 4.80086 4.44871 1.55433 10.084 9.59282 2.14573 33.9534
-16.8481 -2.40077 -3.57332 -1.05098 -5.67878 -1.74727 7.05839 5.42324 -0.651141 1.47369 7.86021 0.0792822 34.0743
-16.3682 -3.01383 -0.626647 -5.70546 -3.25123 3.38271 12.3592 4.1132 0.449675 2.38414 6.74138 0.272516 32.9151
-13.4373 -0.111005 -2.41233 -2.75739 -5.53997 -2.99372 5.19968 2.46346 -4.2771 7.44287 9.80618 -4.04621 34.493
-14.9904 1.39926 -1.23725 -5.27844 -4.72429 -2.30914 9.61059 3.24985 -7.78648 -6.79854 5.73937 0.449502 33.7101
-14.6187 -1.90081 -1.78277 -4.18496 -3.86507 -3.90679 6.47481 5.04162 -9.80943 6.56949 7.09362 -4.40955 33.9752
-15.6031 -2.26871 -2.5843 2.51926 -0.392068 -2.60125 7.06005 -4.78752 -1.91683 9.26832 4.10207 -2.65376 33.6742
-14.7382 -4.3754 -3.26779 -0.248117 0.443455 -0.524285 11.385 -1.26667 -1.3187 2.90563 2.72807 -1.13509 33.6784
-14.7668 -1.90306 -2.84889 -1.8701 -1.71677 -5.37523 12.1918 5.97322 -1.2799 3.06588 4.87691 -3.00652 33.5162
-15.3941 -0.856846 -3.65014 -1.34712 -4.70068 0.26051 12.1255 -3.41007 -5.81345 -0.0290367 4.54343 1.42702 33.3957
-14.5943 -3.0552 -4.20232 -0.723435 0.17257 2.71558 12.7472 -1.89249 -6.44258 4.15103 4.68177 -5.91225 33.4968
-14.553 -2.98806 -5.20576 5.71099 0.122299 1.2803 9.73376 -3.38423 -7.46558 1.20822 5.44146 2.13155 32.9833
-13.2696 -0.950774 -2.04231 2.34254 -5.54363 -1.30472 7.81329 3.88979 -2.09876 -2.54247 -0.804559 -7.06354 32.9041
-14.2111 -1.49222 -1.30265 1.23491 -10.6686 -5.09745 3.41463 4.20223 -0.990835 8.09219 6.65121 -3.84209 32.7885
-14.6825 -0.328493 -4.42454 -1.4638 0.617437 4.96234 17.0798 -1.08825 -8.10157 4.13032 1.48157 -7.00331 32.0934
-13.2816 -2.43989 -0.667731 -2.71765 -7.16843 1.96157 10.4435 -3.32922 -7.41098 4.88022 5.62051 0.368336 33.3286
-14.6366 -4.158 -4.63076 2.0604 0.190221 3.27337 11.1655 0.126894 -7.95006 3.96865 5.52104 -0.073781 31.6996
-13.2218 -1.72896 -4.75189 -0.61314 -7.1262 -1.85253 9.69921 5.20592 -3.82284 0.450548 0.285383 -2.38317 32.9266
-14.6648 -2.74784 -4.50224 0.553476 -1.6906 1.77625 12.6913 2.18315 -8.72995 1.1414 4.94027 1.76816 32.6859
-15.7318 -2.73761 -3.652 0.0220642 -8.59675 1.38146 13.7211 4.27233 -3.73584 8.52665 11.6155 6.94639 31.0422
-16.6163 -4.25805 -3.08803 0.183196 -5.67442 6.1364 11.508 5.4163 0.460451 7.70336 5.59924 0.247889 31.9565
-17.5276 -4.13782 -5.5926 3.80082 -1.81188 5.12522 15.043 4.54817 3.59821 8.5727 12.1717 -4.8748 31.4044
-14.9687 -3.2976 -1.41012 4.78735 -2.8188 1.07047 4.77757 1.01981 -4.33885 2.90805 2.57598 -7.33497 33.1923
-14.6964 -0.959443 -0.0320042 -0.717253 -6.60319 -10.2097 4.882 -2.17398 -1.3792 -0.954655 1.33275 -6.10002 34.8594
-13.0451 -1.40241 -2.71683 -0.865092 -6.13676 -6.43603 5.92174 -0.693682 -3.68273 1.7457 7.64633 -1.71229 33.3623
-13.5822 -4.52191 -3.28676 -1.78578 -3.20803 -0.418326 4.36301 6.07955 -3.48957 3.34651 6.40907 -3.7299 33.5037
-13.7842 -2.62627 0.453601 3.47334 -5.99666 4.88753 5.03376 -2.81414 -7.12537 8.81849 5.83093 0.0363361 32.0938
-16.6283 -3.91003 -1.70107 0.482578 -1.8665 4.60784 9.92021 7.53614 -2.58017 6.83688 7.37204 -4.13704 31.7056
-15.9637 -1.19946 -5.15422 -1.48251 -6.22744 0.885662 18.0679 3.44677 -1.72917 1.48728 13.4581 2.15563 32.502
-14.9153 -3.28382 -0.188933 3.88434 -3.76751 3.51374 10.894 3.90691 -3.88456 2.57609 1.34753 -0.653004 31.887
-14.6859 -2.66023 -4.22058 -1.40558 -9.87223 2.76024 17.8966 0.939759 -5.8489 11.3858 4.7654 2.58779 31.5068
-14.6019 -3.74733 -5.3148 3.88867 -5.20492 8.70858 9.19284 2.14372 -7.03177 11.5 6.3309 -2.70185 31.1096
-13.8579 -1.7254 -4.16821 5.19913 -4.02778 -0.0827938 11.4393 7.71102 -2.73894 2.53773 -2.21532 -11.0111 31.6038
-15.1472 -2.47265 -2.19175 1.0381 -4.86268 2.96512 10.0211 6.00771 -3.12699 5.00395 4.16321 -7.00632 31.7419
-15.4798 -0.74473 -1.99083 2.01193 -8.94613 -1.13434 10.9189 7.66987 -1.16065 0.402947 5.65348 3.19023 31.2337
-15.6822 -4.62584 -5.86728 -0.635061 -5.02963 2.46588 15.3288 4.48505 -0.483343 9.07133 7.41184 2.82355 31.6933
-14.5673 -3.63867 -6.0898 0.702398 -1.23518 1.86475 9.95343 5.46466 -6.95754 5.74024 1.26234 -8.78883 32.3385
-14.1298 -2.83945 -2.43686 -0.140363 -2.84197 0.306313 10.3146 5.588 -4.91635 3.33436 5.1972 -8.6492 32.1721
-14.6108 -3.99349 -6.10411 0.229767 -3.58678 1.42492 8.08273 6.92477 1.02708 5.94677 7.3737 -0.657182 32.6241
-15.0621 -2.43883 -0.719055 -0.104197 -3.44269 0.799896 8.1491 1.27686 -1.83427 4.31978 3.1661 -4.13067 32.195
-15.7746 -2.01941 -4.1725 2.51585 -4.22791 5.99291 16.4084 6.75051 -16.8034 1.03737 3.87777 -0.797652 31.0677
-15.0306 -2.96316 -4.56225 1.70725 -0.435866 0.363046 12.5025 2.3203 -12.2874 6.06482 6.26601 -3.05288 32.6185
-13.7294 -2.38717 -4.96463 -0.499991 -6.25029 -0.104627 10.5838 4.44575 -10.122 5.03273 5.67946 1.2911 32.3517
-16.6204 -2.44293 2.05817 0.838234 -6.00602 2.25596 10.2694 10.2024 -7.26511 3.52436 1.56315 0.0462192 31.1439
-16.8986 -1.42585 2.50501 -2.18874 -3.2351 1.18465 10.8735 5.60351 -2.1474 -0.864704 4.96532 -2.80156 32.4808
-14.8471 -3.3883 -2.54042 -4.54346 -6.75408 7.33634 10.6489 3.98313 -5.2386 5.7429 9.37671 -6.08742 32.5731
-16.7704 -2.81136 -0.832269 -1.84298 -3.78638 0.942694 10.9737 -1.26784 3.35222 9.52903 12.4828 -8.90311 32.065
-13.3186 -3.12802 -0.0577249 -1.94485 -3.42412 -5.70736 9.00362 2.51408 -2.19746 4.68679 4.37743 -1.85685 33.3353
-16.445 -4.0284 0.0550342 -4.0476 -4.87485 -0.525939 3.2735 5.84781 -2.75872 5.61005 9.52595 4.56614 33.0396
-16.4816 -3.53687 -2.21575 0.0670866 -4.57799 -3.55009 7.01383 7.3703 -7.24106 9.71137 12.6226 -0.702276 32.5767
-16.7442 -4.5488 -3.44161 -3.19749 -5.9672 -3.59366 13.8538 13.5792 -2.8057 1.88547 9.68032 1.70412 32.8889
-15.5416 -5.24438 -2.45152 -3.13805 -0.260652 1.3998 4.63476 5.57195 -6.2152 3.63018 9.07686 -0.015884 33.878
-17.2938 -5.3664 -3.49481 -2.26904 -1.24024 1.32709 10.4104 12.8933 -4.77451 9.63376 9.1958 -3.09089 32.7758
-17.1051 -4.67048 -3.75619 -6.04639 -1.85006 1.52876 10.6711 1.93056 -2.34216 4.88409 4.46878 2.04353 34.8467
-17.2097 -3.15255 0.309468 -5.26464 -0.711827 -5.48873 10.5038 -0.121564 -5.67724 3.6304 9.0031 0.611739 34.8644
-17.3788 -5.14888 -2.1684 -7.78759 -1.60218 -0.299208 4.6812 2.12438 -0.545788 6.6852 10.0681 3.18541 39.3831
-15.3459 -11.9909 -12.2995 -14.5799 -2.01459 4.27109 -0.174992 -0.996425 3.60362 2.31871 4.49549 2.01256 48.0087
-11.6676 -8.03113 -10.9827 -12.0825 -10.3264 -11.5053 -8.30975 -7.86051 -2.3874 -4.59819 4.54963 5.76795 52.4685
-9.73221 -8.43553 -8.22791 -6.99289 -10.1874 -9.4655 -10.8335 -17.237 -4.44916 -8.35189 -4.71768 5.56862 50.3492
-9.63815 -5.66514 -9.68132 -12.0259 -6.95032 -7.0387 -3.40063 -9.00033 -9.40989 -7.93541 -5.40909 4.11647 49.1821
-10.0899 -4.81819 -8.80553 -6.88334 -3.72 -6.17778 -4.10223 -4.2997 -1.52862 -9.94907 -0.278615 -1.02837 47.5927
-10.8353 -2.59129 -4.95908 -8.45697 -9.82514 -11.8834 -8.39154 -5.00275 -3.9245 -9.01489 -1.7158 5.63143 45.7057
-8.92263 -3.70916 -5.82239 -6.45084 -1.42083 -14.1716 -13.1586 -2.08753 -8.11177 -4.79736 0.20405 0.80371 45.1013
-9.97303 -4.06663 -2.39677 -5.54816 -0.0943677 -7.77466 -3.58475 1.60021 0.538726 -6.26182 -6.47094 -3.85222 43.5882
-11.7565 -3.20437 -0.814643 -8.13177 -1.98095 -5.07568 -3.63669 -2.76345 -16.0683 -6.49086 4.50908 -0.388802 42.3753
-10.9277 -4.05627 -3.54859 -4.37344 -6.05942 -4.90245 -5.47543 -6.92081 -4.17112 -3.50694 6.76261 -0.888273 40.4863
-12.1147 -2.61936 -3.38372 -0.249518 0.415182 -8.00331 -7.15599 -2.97802 -7.06203 -4.49362 8.71213 -5.91167 40.7368
-12.4011 -4.76848 0.656669 -3.26977 -7.07776 -9.3027 -5.60968 -5.77391 -11.6663 -1.01689 6.5991 -0.330619 40.4539
-12.3324 -2.25781 0.825283 -6.00843 -4.67681 -8.94081 -3.76847 2.77419 -9.79736 -4.28652 6.00657 -4.91297 38.4302
-15.8217 -3.38153 -2.28074 -4.60929 1.0896 -6.69959 7.85037 3.56863 -8.78886 -4.65975 4.40258 -7.9146 37.5504
-14.7583 -2.68312 0.194889 -1.06559 0.704669 -8.92368 3.99347 3.37178 -11.3711 -1.81862 -1.36527 -10.4538 37.0617
-17.4457 -5.7574 -1.5615 -1.90322 5.97562 -1.04199 6.17774 4.74025 -11.452 -3.95554 1.76186 -0.465222 36.873
-17.7945 -4.31022 -1.69967 2.72761 6.36808 -1.04526 7.70924 1.09678 -6.48212 -3.07687 -0.028688 -7.01267 37.3902
-16.0541 -2.12802 0.466518 -1.89471 2.65407 1.68787 5.02394 2.85745 -13.9812 -0.132961 5.12963 -10.5619 37.1556
-17.5994 -4.16049 2.3686 2.9621 9.42046 -6.71594 -7.36177 1.61133 -6.71014 1.0633 8.06055 -4.32771 37.2698
-13.6972 -1.64338 1.39428 -6.79147 -4.13491 -6.91756 -0.925274 -2.21358 -6.77116 3.24331 7.67451 -4.16347 38.0954
-16.8304 -2.09134 -0.437734 -7.02091 -0.151616 -3.37204 -0.181668 9.55841 -6.25163 -0.277009 2.53652 -6.23924 37.3382
-16.7387 -3.29088 -0.887578 -2.78244 0.642098 -4.63643 1.90185 5.76827 -10.1312 2.0259 4.41165 -5.02945 36.7616
-18.0237 -6.59908 -4.56052 0.0859105 1.8678 0.768713 5.83028 7.04684 -3.71707 5.84501 4.15413 -1.30438 35.8151
-18.1865 -4.9336 -5.55519 1.18431 5.83123 -2.6469 10.4213 5.41131 -9.73898 8.86417 5.55483 -3.97212 35.6131
-19.0785 -4.07088 -4.84096 -1.88786 0.691213 -6.38489 -1.92732 7.12413 -1.07901 9.44702 11.3788 -0.216734 36.0996
-19.5016 -3.68317 -1.30284 -3.62572 -1.19238 -1.06524 4.71041 16.0212 -7.04874 5.77172 12.9004 4.65335 36.182
-17.9928 -3.61961 -2.479 -6.06224 -5.4448 -1.86604 6.85166 13.7186 -0.522368 6.75797 8.70945 -3.89384 35.8166
-18.6376 -6.70831 -2.11343 -3.3794 -1.2272 -1.40393 0.975843 14.5882 -1.37654 4.05098 6.26403 1.87074 35.534
-18.295 -6.11426 -1.28775 0.75212 0.456077 -3.7476 6.42836 13.4621 -6.39055 -2.43433 7.7024 3.67472 35.0147
-16.4022 -3.91183 -2.88926 2.62072 -3.78738 -5.61111 -0.423644 9.43766 -5.82658 3.91098 13.6249 1.90074 35.7173
-18.7927 -8.57628 -1.66421 2.41444 -3.10742 2.47746 6.45475 10.9295 -3.28687 -1.74144 4.3614 9.33445 35.2017
-15.6038 -7.42284 -0.544612 3.46985 -4.57552 -7.41731 -0.732262 10.3239 -3.93097 1.04964 0.890195 -0.35129 36.6371
-17.6449 -8.42917 -0.0349532 1.59529 -4.16673 -5.01672 3.13741 11.7878 4.52505 10.4928 0.663474 -5.19341 36.1299
-16.0342 -6.35652 1.7515 7.42298 -6.04639 -4.3148 4.37322 10.211 -0.168396 0.575914 -1.18166 -3.37055 34.1527
-14.2744 -4.15162 -2.05474 6.75337 -2.25265 -4.71041 6.27521 4.40638 -8.19523 -0.358687 5.82341 5.3432 32.3758
-14.9709 -4.0472 -2.93774 -0.603237 -2.71391 2.29849 12.1879 4.06947 -3.4354 7.24367 -1.99871 -5.08964 32.9142
-14.8787 -3.70259 -2.5886 0.2114 -5.88381 1.863 9.65232 0.724955 -1.53147 6.87424 3.24353 -4.43931 32.4328
-17.6982 -7.21233 2.92326 2.92053 -8.93179 1.94714 8.03927 4.08836 -3.93212 -5.70433 7.26005 3.00498 35.2071
-25.9315 -5.5328 2.40657 1.20265 -6.1298 2.09575 8.0785 5.56469 -8.14837 -0.767851 9.53513 0.0011005 40.086
-29.2892 -7.09241 1.793 6.34699 -6.35466 1.22389 5.10286 11.7315 -6.92759 -4.23372 9.22487 -2.26322 44.8295
-23.3341 -8.16517 5.2125 6.37339 -8.81634 2.99891 2.67841 4.87566 3.76342 -7.54185 6.14723 -2.49456 41.7392
-25.9393 -6.22409 2.93283 4.76691 -5.67613 -2.38203 5.15079 -0.673325 14.3623 -6.52132 6.95157 -4.06789 41.24
-26.8159 -7.68342 2.74572 3.1722 -6.29812 1.13393 3.37585 8.43085 6.38927 -2.46495 6.10647 -6.56697 41.8181
-27.9826 -6.63225 1.86907 4.24227 -1.1403 -9.13781 1.80371 11.549 11.5364 -4.62514 10.2538 -2.70641 43.9988
-31.6342 -8.21547 0.0683318 4.84634 10.8338 -7.41941 -3.70031 10.9936 9.10271 0.592691 5.93979 0.71949 44.8905
-30.9341 -5.46711 -2.8999 0.187545 6.72581 -10.6132 3.16034 10.3446 3.65367 -0.979248 12.2204 1.70262 46.5329
-29.393 -5.29292 -2.66625 0.490285 8.50412 -5.64235 5.64465 7.53279 3.76511 3.61972 1.51039 -2.74688 45.7749
-29.5474 -4.39333 -3.00018 4.3965 7.22794 -4.10885 5.79309 2.84124 4.07022 -1.3213 -1.48521 -5.60544 43.8577
-28.339 -2.65332 -6.21857 4.24959 10.6117 -8.34058 8.93167 5.86911 2.79357 -1.73409 3.52745 -5.59686 44.9158
-28.6757 -0.196681 -5.48191 1.80421 12.0146 -6.72415 2.2458 2.87876 2.3969 -5.80927 1.63075 -1.58624 43.3001
-27.2166 -0.37432 -6.3782 0.506665 4.81844 -6.81589 4.82791 5.27507 4.57465 -0.933955 -0.738466 -2.28045 43.1297
-27.2363 -0.278636 -5.7315 2.6942 8.94923 -5.82484 4.81707 5.7724 0.101118 6.24319 0.991568 0.622194 42.1341
-26.7303 -3.31682 -12.0993 1.81824 10.408 -8.92541 6.93724 -0.0592643 3.70755 2.91016 6.85275 3.60806 42.8611
-27.4864 -2.27397 -11.519 -0.335033 4.20006 -5.61187 8.83127 1.75958 9.74831 1.28201 7.95905 7.49248 42.1127
-26.0452 0.36538 -9.78523 5.63145 11.643 -6.87169 2.86792 -7.28174 3.91087 1.03367 5.32863 6.68593 41.947
-26.0696 -0.839205 -7.55864 0.409209 9.80443 -8.99359 4.17014 6.44865 7.07463 2.97898 4.70741 2.10509 41.3935
-25.8306 0.254573 -3.75972 -6.40113 9.40867 -6.85552 7.4855 9.12795 0.610762 2.23354 -0.653564 -0.486267 40.2607
-23.7589 -3.04907 -2.23543 -4.67588 7.35984 -3.13448 4.88334 5.74202 2.66023 -2.99451 4.04687 -7.11048 38.6142
-20.1886 -2.94516 0.78874 -1.07528 -0.935162 -5.58182 2.22358 0.748666 -2.33986 2.81272 9.522 -2.31403 35.4754
-18.3937 -0.494011 -0.222018 -4.91216 -0.998025 -4.70506 3.11085 -1.03059 -6.24717 5.06971 11.03 1.31494 34.6063
-17.559 -2.53451 -2.81041 -1.25469 -4.5247 -2.87339 6.80308 -1.18494 -2.67719 4.75506 12.9262 6.56116 32.7378
