-11.4742 -2.66955 -9.5447 -10.4238 -3.73751 5.99202 0.196315 -11.4949 7.31172 6.90431 0.204335 5.87418 74.2507
-16.1924 -0.264615 3.34008 -8.67536 -4.88084 0.628982 8.23481 -1.09637 -1.6231 -7.96214 -5.92132 0.259855 37.3105
-16.535 -6.7011 -2.49648 -7.1413 -5.12604 1.97953 5.68188 -3.01751 -2.73625 -6.43832 -0.753416 2.77184 36.9337
-15.4962 -5.95212 -3.24146 -6.43116 -1.25221 4.71979 8.7732 4.7288 -2.73267 -5.40696 2.37673 4.96145 38.4088
-14.6467 -2.88104 -3.3697 -11.2812 -5.79559 5.63792 7.1786 -11.256 -5.65843 -2.36874 -3.49077 3.86624 37.7355
-14.5522 -2.6039 -4.23784 -12.084 -4.53378 7.15979 2.12955 -8.19352 5.27485 0.311719 -0.905717 5.7381 37.5602
-13.8356 -3.26283 -1.48144 -8.71139 -3.20556 6.86803 0.115493 -10.9188 -2.64727 -5.34898 -1.20863 4.05902 37.1564
-13.8223 -2.38079 -4.16387 -7.45125 0.669008 5.4342 2.97416 -8.56834 -4.43804 -6.61571 -4.18736 -1.80552 36.1441
-14.003 -2.57752 -5.70824 -2.13515 -0.298429 5.03132 7.14529 -5.37583 0.670515 -3.08067 -0.636596 2.85639 36.1583
-13.2429 -1.40839 -4.73047 -9.05807 -5.8734 2.8909 0.646258 -4.77852 1.95751 2.81672 -5.15858 6.49345 34.9257
-12.1554 -1.53268 -2.75225 -3.1872 -7.87513 -0.4229 1.70769 -8.71413 0.108681 6.10299 -14.6728 -5.19143 36.7888
-12.1058 -1.3468 -4.18977 -3.82672 -5.2552 -4.03507 -0.158103 -4.92489 -6.19817 5.681 -15.0761 -10.5297 36.198
-14.3005 -2.04722 -2.90618 -3.9688 -3.68215 8.23998 6.15606 -3.31891 -4.57191 4.13205 -5.78893 2.34019 34.4215
-15.0006 -5.2929 -3.86844 -4.57773 -2.13554 -4.19409 8.51822 -0.85262 -1.826 7.82413 -0.857638 -2.17203 35.6581
-13.9745 -1.49917 -3.05625 -0.444185 -4.23579 -1.25207 11.8469 1.24935 -1.35105 -7.98836 -9.82403 -3.78471 35.9232
-14.3532 0.528459 0.422076 -1.03396 -2.94196 -3.71378 8.06785 -7.59666 -1.88539 -2.42496 -12.0889 -8.04004 35.5561
-15.0243 -0.905988 0.434142 -0.147817 -3.05421 -3.24918 12.8738 -10.5516 -9.92005 -6.89329 -6.9781 -6.88862 35.618
-15.9505 -2.94876 -4.2789 0.138585 2.51602 -1.05219 16.3425 -0.407337 2.08647 -3.71292 -10.2578 -8.30204 35.9093
-14.3713 -1.85444 -2.77005 -8.34328 -0.551374 -0.643915 11.0243 -8.68209 -4.40085 2.10662 -10.8242 -2.67833 37.9347
-15.789 -1.49195 -3.0233 -7.24987 -1.33951 -8.03582 5.04864 -2.63847 0.662542 -6.15729 -10.3505 -3.17577 37.2993
-14.8667 2.41642 -2.77669 -7.28917 -5.29943 -13.5259 6.93388 -0.450327 9.04798 2.97224 -3.09483 -4.67419 37.9041
-15.2979 -0.40469 -9.81837 -17.9856 -10.0347 -16.9059 5.09915 -4.93212 8.36362 4.22639 4.51559 0.321971 39.3347
-15.4953 -0.0963969 -7.64206 -18.2216 -1.79247 -14.7351 11.6403 2.65173 5.18531 3.79654 2.24555 4.77744 39.6399
-15.314 2.87761 -7.40172 -16.2863 -1.48341 -20.8261 15.4599 1.14777 5.71654 9.8244 -7.31535 -2.66494 40.223
-16.1104 -0.0295029 -9.1146 -22.4753 1.23759 -17.1162 14.4761 3.88665 11.0067 8.56482 -5.09762 -6.05491 39.7213
-15.5862 2.62853 -9.57806 -18.4624 2.20095 -11.7969 11.3137 4.22525 3.89259 3.54725 -4.58869 -9.8898 39.9588
-16.6139 -0.543355 -7.10079 -14.5968 2.42324 -11.0964 9.11521 4.4861 2.14887 4.08166 -5.00115 -10.6206 39.1665
-16.737 -1.51248 -5.96908 -16.6704 4.36462 -10.3485 16.8891 7.522 5.81464 1.6793 -11.471 -7.39899 38.9843
-14.5309 0.790743 -7.79356 -18.5456 -3.71043 -10.5601 15.7592 -2.36303 -2.19595 0.104564 -15.4273 -8.97754 37.6926
-13.7301 2.34421 -3.78045 -12.0891 5.92646 -10.6489 14.2407 -2.49273 -1.94621 1.95057 -17.5902 -12.0502 37.8064
-16.0506 -0.0139906 -3.21162 -7.46007 5.62124 -8.76611 10.0973 -1.77409 -3.9615 -3.36601 -11.1479 -2.23281 37.0159
-14.6776 3.00615 0.467973 -12.4231 -1.34064 -4.879 10.7489 -12.9184 -17.789 -0.445754 -16.9819 -8.7866 37.6309
-9.106 9.83224 -3.80676 -25.9443 -2.62692 -27.8951 1.52095 -16.7256 -8.59806 1.65859 -16.293 -10.1025 46.7103
-11.6851 11.7631 -3.34473 -27.8848 -0.630465 -34.9507 0.699636 -15.5384 -2.47413 2.1981 -10.9385 -0.0510525 56.7087
-14.5127 12.2469 -2.46315 -29.516 2.4564 -36.373 0.601491 -15.1997 1.79089 8.63084 -4.99439 -3.87193 59.9743
-15.4278 9.99955 -3.51662 -27.8157 2.16253 -36.3551 4.22557 -8.70382 2.71092 3.90405 -1.8755 -3.51324 62.816
-16.968 8.35294 -7.41639 -29.8109 5.41204 -30.8811 6.35638 -8.09676 4.43363 3.59399 0.427859 -5.00499 65.8751
-19.3239 5.86862 -9.82193 -32.5795 3.58688 -28.463 0.915264 -9.64834 0.448662 -4.10238 -4.48892 -5.42755 68.5062
-18.2628 6.36082 -8.42486 -29.7761 9.27084 -22.0711 5.5504 -4.48207 1.52534 -3.47929 -0.355047 -1.80336 70.8897
-19.3704 2.37762 -8.36627 -33.8914 7.4217 -23.383 7.17333 -10.5685 -5.48828 -9.17709 -2.7094 -5.54124 71.6616
-17.8088 3.80361 -7.42144 -30.2754 14.7759 -17.2204 6.74072 -3.1957 0.542942 -8.87434 -4.46258 1.2472 73.817
-19.5468 -0.931511 -10.9492 -35.232 9.10524 -18.5199 5.34157 -10.6418 -7.41357 -14.5345 -8.09485 -3.65917 73.751
-18.3591 -0.187717 -7.49152 -29.188 13.1423 -10.6414 12.5986 -4.46895 -4.54553 -11.7838 -5.00556 0.311779 75.6087
-20.2748 -5.88788 -9.81447 -28.2699 11.0851 -13.1227 10.6144 -4.97838 -12.1283 -17.315 -7.64503 -1.3082 76.3685
-20.3187 -6.55534 -10.0433 -26.8627 14.1398 -11.0364 6.49597 -8.89952 -12.9429 -17.3934 -3.97568 -0.406473 76.9393
-19.6085 -5.22597 -3.7244 -21.9586 16.9508 -7.23551 7.35285 -5.88614 -7.79239 -9.92771 -2.12341 5.06406 78.0472
-20.7623 -7.14014 -5.87798 -23.2386 13.7995 -5.74775 7.58653 -9.93283 -10.4091 -14.2292 0.878647 4.77975 77.9216
-21.3291 -11.2765 -6.26814 -22.9916 16.6435 -4.82689 3.83987 -13.7089 -9.0131 -15.2945 0.439 5.01465 78.2712
-20.2797 -12.0627 -4.81313 -20.0125 22.4778 -3.92574 1.73787 -16.7456 -3.92801 -13.2011 -0.0206255 5.23467 78.8611
-19.5886 -10.5312 -1.62113 -17.9209 23.1874 -2.33327 2.03745 -17.4049 4.00279 -6.78438 1.37631 6.03862 79.1574
-21.2149 -13.8561 -2.8437 -20.7257 18.5848 -4.85059 -0.0427059 -22.4674 2.62297 -9.00369 -1.05342 2.95665 78.5444
-21.414 -14.9734 -0.522025 -17.1985 19.5933 -8.41301 -3.83187 -27.3399 6.63344 -7.40696 -1.90221 1.24982 78.9358
-21.061 -13.2958 -0.625143 -16.1685 18.5739 -6.86376 -5.00256 -29.079 8.85395 -1.20535 -1.8532 1.41222 78.3403
-21.159 -14.1812 -1.40538 -12.9217 15.5023 -6.92252 -3.34836 -24.4946 10.5048 1.11082 -2.20329 4.51378 78.7711
-21.2208 -15.4821 -0.844067 -15.3256 14.2907 -7.76218 -2.87909 -30.869 7.27584 1.40661 -4.37378 2.95472 77.1139
-20.2873 -18.7642 -4.59167 -20.7871 9.48242 -9.66431 -0.797842 -34.0104 6.60453 4.2013 -4.95579 -2.52937 75.3943
-20.3721 -20.2359 -5.3203 -21.721 5.49521 -14.4775 0.741541 -35.8612 2.33051 2.24601 -3.14677 -0.26479 74.1656
-17.4236 -19.2561 -4.32735 -18.1624 8.28245 -13.7329 2.74789 -27.894 4.17337 1.03403 -6.4194 1.56102 72.0425
-15.5672 -15.625 -3.43348 -16.748 7.66385 -11.8859 3.6504 -31.9482 4.69448 3.45325 -8.38102 4.17496 67.7253
-11.7089 -12.299 -1.78554 -17.2392 3.91515 -11.6 2.44969 -26.1493 4.14609 0.335633 -7.41215 11.2053 63.8163
-10.5569 -8.42562 -1.18112 -19.5886 6.59295 -9.74733 0.377348 -26.2917 3.03307 -2.87131 -2.39716 6.01962 60.9622
-14.9694 -3.9851 2.33929 -12.1437 11.5747 -9.48828 -6.42778 -24.8539 2.34105 1.5127 -6.43914 3.93141 56.4709
-18.2696 3.55731 -2.44666 -11.6775 3.93777 -8.20088 -0.246172 -13.9067 1.9059 1.35313 -5.54988 -3.63841 54.7906
-14.608 -1.55593 -7.50994 -11.9015 -5.88637 -10.9302 -5.42994 -7.0486 0.315916 -8.04847 -4.60649 5.241 57.6834
-11.66 -0.913948 -2.17619 -12.1194 -8.3633 -5.3579 -5.00768 -8.3987 -6.23774 -11.3422 -7.98147 2.93515 57.8746
-16.4243 4.15529 -1.63719 -10.0045 -5.29222 -3.97739 -5.39742 -21.0498 2.25268 -0.355824 -11.8086 1.20446 52.501
-16.4141 0.047418 -4.44385 -16.0491 -7.37163 -5.27743 -2.27196 -14.3068 1.40069 0.265093 -7.42088 -2.63498 51.0338
-18.4689 1.23157 -1.06053 -15.7926 -6.48029 -7.84622 -7.34017 -13.2553 -4.40971 -3.22063 -1.06119 -7.14154 49.0698
-21.6872 -1.5345 -2.60681 -15.9856 -6.71463 -15.69 -7.7516 -9.04875 10.5181 5.44462 -4.94742 -4.91761 49.165
-22.8711 -1.4996 -7.8586 -14.1601 1.74837 -6.81193 -0.489065 0.191084 10.1199 6.83016 -8.15036 -9.42245 48.4079
-21.9317 1.22259 -1.85376 -16.2691 -4.70172 -6.89804 -1.08837 -4.65999 2.80036 2.39755 -1.53523 -9.23858 48.1171
-21.3257 -0.636322 -1.39766 -16.5816 -5.1299 -11.4015 -3.67742 -0.354405 10.7718 2.06555 -10.0955 -12.1246 47.0936
-22.9179 -1.38432 -4.0408 -18.161 -4.21772 -8.96547 -0.300411 -6.76874 8.14824 8.76204 -2.52157 -12.7279 47.4804
-23.9233 -1.07108 -0.844562 -13.3414 -2.06799 -11.0481 -5.37343 -1.23574 7.23356 -0.933677 -7.683 0.79424 46.0817
-21.9437 2.44214 -0.40116 -16.9365 -3.53234 -11.4617 1.93128 0.563098 6.0282 3.02997 -4.14668 -2.32655 45.7979
-22.5761 -0.146215 -0.669069 -13.4787 -6.48436 -13.4759 2.45037 -2.42564 5.56473 10.8742 0.644251 2.35488 46.5673
-23.2684 -1.75778 -5.01644 -14.6203 -11.6617 -16.4103 0.322496 -11.7991 12.7288 9.85056 4.17221 4.91953 45.4134
-21.7617 2.68365 0.388933 -10.1213 -6.24625 -17.5574 -3.17349 -9.73919 2.86391 0.0895923 -5.03652 3.61668 46.2755
-21.5539 2.75492 -6.17317 -14.6707 -3.81975 -9.14951 -0.150778 -14.9523 5.40753 4.94243 -7.03059 -3.53645 46.014
-20.5917 0.657689 -6.16506 -11.3472 -0.421498 -8.74807 0.527915 -7.97879 1.96725 5.39041 -0.434752 1.07317 46.0092
-24.0273 -0.186365 -8.3737 -9.5868 1.09083 -14.1236 3.12326 -18.1477 -0.931063 0.470172 0.691336 4.27331 45.9514
-24.6161 -1.50182 -4.52142 -13.5426 -4.47405 -9.81384 8.37497 -10.6244 1.89573 2.94079 -1.41849 -2.41745 46.0345
-24.8721 0.931975 -7.59581 -16.7484 -2.37056 -10.5102 -1.43995 -16.5293 5.47758 1.82796 -3.39378 3.59872 46.6209
-25.2387 0.598349 -1.24341 -8.70854 1.06002 -8.8726 1.37339 -9.8706 3.88601 13.8434 3.93639 0.542783 46.5159
-23.0482 0.879337 -1.86597 -11.1542 -4.03974 -7.67402 -1.55148 -8.06057 -5.73684 0.67922 -1.739 -4.0184 45.6771
-23.4333 -1.9684 -3.60766 -16.8692 -4.5139 -10.5333 -0.937642 -11.9018 5.75848 0.344083 1.39134 2.39678 46.119
-18.2837 2.127 0.106386 -23.1629 -11.4096 -11.9653 -2.84738 -4.36824 1.4091 -9.45027 -8.97441 -2.86523 46.3044
-14.1704 -0.112796 -1.16857 -11.6758 -8.7225 -8.96605 -8.74118 -5.28211 -0.605274 5.69553 -8.49157 -7.60183 48.1607
-12.7276 -2.90547 -1.45555 -12.1257 -11.9569 -11.1643 -7.89203 -16.5172 -3.63753 0.211465 -5.34399 -10.2161 47.7744
-12.9336 -4.89558 2.1279 -12.9296 -14.3456 -9.99912 -5.16938 -9.28408 -4.29326 5.4102 -5.27579 -10.53 44.983
-9.21808 -4.23769 -0.664877 -11.7404 -13.3688 -6.29751 5.53675 -1.70258 -14.4759 -4.07206 -2.60442 -4.75053 44.3391
-9.29487 -3.22703 -0.255814 -7.78712 -15.6047 -11.0169 0.7572 -8.21787 -8.72625 -1.87715 -4.56372 -4.34667 42.5185
-8.30192 -5.12277 -3.17935 -6.83769 -12.9857 -7.55039 1.38423 -12.4307 -13.3392 -0.667894 -3.6862 -8.29602 42.0807
-9.38412 -2.74101 -2.41213 -7.81891 -13.1579 -7.99774 5.88613 -22.345 -8.50055 0.0341918 -6.94404 -3.99566 42.9354
-12.0429 -6.36823 -1.51487 -7.81736 -1.13081 -6.54858 12.5198 -11.7208 1.20287 -9.89822 -10.8453 -1.01592 41.6959
-15.1159 -1.89165 -6.20461 -18.3454 0.303615 -6.3675 22.7353 -3.60513 3.94964 -9.03604 -4.84724 -5.81188 41.6728
-14.9934 -1.95465 -4.10213 -18.5198 -5.77526 -12.1935 15.4045 5.58334 -2.62293 -11.5529 -1.13165 -3.86153 41.3696
-13.5704 -1.48551 -4.39064 -14.1093 -0.508234 -13.9791 7.31383 -4.75893 -4.2211 -8.44804 0.450126 -6.73948 40.958
-12.4914 -0.280722 -6.25065 -13.7836 -5.95018 -9.55099 10.1521 -11.5996 -4.98596 -8.42124 3.41856 0.171246 40.6713
-12.0674 0.101802 -3.97268 -5.84766 -4.74588 -14.4468 2.33284 -14.575 -11.8623 -2.43056 2.41124 -0.262187 39.9376
-12.3628 -3.2349 -4.14788 -6.52001 -4.82038 -11.4442 2.61773 -10.6582 -0.743952 0.639248 5.53456 1.58161 38.3821
-14.4654 -3.0565 -0.917439 -4.10254 -7.06103 -8.90913 5.22393 -5.67369 -2.76891 -1.02694 6.71286 6.66639 37.7926
-15.7935 -5.78623 -3.76232 -5.13825 -3.2601 -4.84057 15.2908 -4.36265 -2.75575 -3.56274 0.324842 -5.82341 37.6871
-13.8222 -4.15038 -4.36906 -9.22456 -6.36686 -7.46603 11.61 0.555402 -2.07969 10.2971 10.9785 -6.04738 38.6567
-15.8776 -3.32606 -3.20884 -13.0893 -6.91452 -6.84989 4.89121 2.05837 3.29827 11.1051 8.2533 -2.39026 40.5056
-12.9864 -2.25949 -2.30491 -8.43698 -3.87471 -7.56511 4.3426 -1.77188 -3.93496 2.38234 0.729533 -3.42717 38.171
-13.0613 1.5145 0.473593 -5.96181 -8.73978 -9.82001 3.43017 -8.70931 -3.81926 2.42682 4.3335 0.369167 37.5105
-12.6347 -0.38926 -4.41553 -7.44081 -4.84806 -7.02446 9.35775 5.1635 0.924426 0.334775 6.35131 -5.17099 36.8237
-13.7118 -1.53822 -7.36567 -5.15021 -2.00864 -7.75025 2.34523 -0.367026 -1.96618 -2.45695 5.38917 3.24715 35.6294
-14.4442 -1.97127 -4.60506 -4.49261 -1.60773 -1.39176 4.09032 1.48894 2.75075 6.4889 2.37622 -5.21346 34.4416
-16.0619 -2.03041 -7.22224 -4.09672 -3.91387 -2.14041 5.55129 -3.32197 1.32574 4.6613 -6.42718 -14.2419 33.4327
-12.4266 0.92743 -4.92055 -3.45979 -3.56686 -1.1999 -1.41789 -6.32414 -1.09545 6.24293 -4.01781 -14.9056 35.376
-12.7934 1.33117 -2.92883 -2.32766 -6.87964 -5.34226 0.435176 1.73598 0.378751 1.29557 -8.04182 -9.71272 34.7983
-14.833 -3.06981 -4.46912 -3.04759 -7.45002 -2.10753 3.24119 0.473822 -1.13006 3.77068 -3.21281 -2.8786 34.3409
-13.0828 -0.988971 -0.116271 -2.015 -6.31598 -2.32201 0.371243 -2.19862 1.39874 -0.182443 -5.5531 -4.71174 35.6414
-13.4769 0.517081 -0.550014 -1.45474 -11.2078 -7.21195 -3.85348 4.99045 0.181769 -0.75304 -4.13449 -7.87035 35.5066
-14.524 -1.84804 2.78884 -1.46142 -4.60981 -11.403 8.11138 0.197978 6.58117 -2.8123 -4.79899 -17.5701 35.1921
-13.5699 -4.6297 -5.12294 -7.28966 -7.42268 -5.82768 11.6971 6.43017 0.654131 -4.9341 -10.065 -5.169 37.5276
-17.2808 -5.9181 -8.74143 -12.3601 -7.85729 -10.4006 14.216 12.6888 1.64984 -1.71573 -10.6718 -16.8828 37.7637
-14.7068 -0.829863 -4.76645 -6.30748 -2.84811 -13.4873 18.2703 13.1474 0.405506 -5.78289 -12.2569 -14.5038 37.8073
-15.7545 -2.72587 -7.63487 -2.4893 0.601847 -12.0037 19.8814 6.64029 8.4466 -14.2281 -12.4969 -13.2927 37.5416
-15.5227 -4.52473 -16.2393 -12.1332 -6.04139 -6.64454 24.5189 8.76028 3.6119 -7.16484 -16.0359 -22.2987 36.3781
-15.3577 1.20645 -14.9229 -19.573 -11.3584 -6.76844 21.0386 6.44676 -0.380112 -13.7612 -19.9546 -18.6562 35.7016
-15.2311 0.71195 -12.9757 -12.4372 -11.3975 -3.64171 14.2555 -1.50227 0.0678071 -15.2123 -18.1935 -17.6617 36.1849
