-12.1667 -7.47734 -10.5129 -5.06555 0.21049 -6.77617 5.17594 2.45762 4.8464 -1.6974 11.3306 7.02735 74.0545
-18.2205 -6.59638 -4.00046 -3.27935 -9.50591 -5.36347 2.40345 -0.414379 -6.43393 3.70593 3.93932 6.14803 30.0091
-17.9254 -6.40046 -1.92825 3.6199 1.15136 2.94291 5.99598 1.19985 -9.43297 1.84223 6.22587 -6.27267 30.0975
-19.0916 -7.94952 -4.515 -1.69839 -4.50216 0.767474 9.24872 1.65532 -4.12586 2.1792 4.84974 4.62733 29.7735
-17.6341 -5.93203 -3.3193 -2.01611 -11.1275 -5.63763 4.34147 -1.91993 -1.28422 1.75742 0.953487 5.23092 30.2841
-19.6402 -7.07919 -4.61769 0.825526 -5.73773 -5.7888 3.85835 0.332645 -1.18868 6.83501 -1.60451 -3.36059 29.7335
-18.9557 -5.01118 -4.98122 1.60266 -7.77369 -8.08947 -4.18906 3.36272 -1.28424 5.41366 12.2378 0.582591 29.7699
-17.9623 -5.29691 -6.215 1.86407 -8.30365 -2.48211 -0.22082 -6.32228 4.19359 -2.50049 7.03484 0.772231 26.2608
-17.685 -4.19036 -6.94 -9.14023 -4.31718 -9.31136 6.51685 -2.2168 0.183334 6.11772 -5.1719 -1.67755 27.413
-16.6857 -8.31714 -6.55601 -7.20982 -8.72095 -9.09247 -5.03738 -1.12862 -3.00794 -5.26228 0.459512 -0.617272 28.2457
-17.3867 -4.54104 -10.0666 -2.64414 -7.13814 -4.36161 -4.47221 -0.571548 -1.9303 -4.54695 -2.06153 -0.927217 28.8067
-17.5045 -4.45617 -7.04084 -5.08542 -7.90715 -3.41529 -1.92122 1.69555 -4.6156 -4.83278 1.61921 -1.48859 28.2382
-18.0366 -2.31941 -6.88071 -4.67014 -5.50107 -3.77623 -8.54236 -8.47678 2.17886 -6.16743 -2.68765 -1.94335 28.1576
-17.997 -4.86104 -9.37807 -6.29719 -4.15191 -6.01924 -4.74648 -4.79141 -3.87354 -4.37495 -2.41083 -0.862103 24.8858
-19.2417 -5.35111 -6.93883 -3.82835 -5.06394 -3.24141 -3.20324 -0.559171 1.43782 2.16936 0.846149 -3.36466 24.3816
-19.1669 -4.09593 -5.15221 -3.76477 -9.43801 0.211706 2.76158 -1.29609 -1.5576 -4.09224 -2.3842 -3.39326 26.0417
-18.1996 -4.53269 -9.14764 -2.96134 -5.34414 -2.7097 0.0444565 2.65163 3.48067 0.0634943 -6.23826 -7.93748 29.0806
-15.5568 0.698748 -5.35443 -2.3403 -7.08291 -4.30898 4.3401 -0.907737 -2.78589 -1.14883 0.25987 -1.06836 28.2166
-9.7866 2.27333 -9.71881 -4.32408 -8.5782 -1.16323 -1.90546 -1.66676 0.169295 -0.953187 -1.29686 -1.23989 32.5006
-16.7297 -6.30124 -8.38886 -7.73285 -8.73157 -1.89308 -6.4577 -4.78594 -3.44759 -3.50323 1.86765 -1.0351 29.3619
-17.8074 -7.62096 -7.6528 -6.38238 -8.63543 -1.84517 1.33281 -0.975112 0.595805 1.22679 4.59055 3.13397 30.0941
-16.7843 -3.50728 -6.19736 -5.58858 -8.13589 -0.99614 -0.0785078 0.839268 4.90655 3.03 1.63113 -1.97853 28.4753
-16.2434 -6.88356 -8.60935 -3.21667 -6.89083 -2.35523 -3.33643 -0.053937 -2.40761 0.300631 3.83831 2.51724 27.6498
-17.7381 -3.30456 -8.11686 -4.71417 -10.2331 0.998656 -3.56587 -1.59428 0.36825 0.646452 3.34042 0.857565 27.6664
-19.4248 -4.79431 -2.25396 -0.909708 -8.8265 0.905619 4.76217 -0.0810274 -2.37558 -11.2486 -0.244109 1.45007 28.4774
-17.929 -3.5612 -2.57077 -7.60373 -12.3262 -6.33351 -2.91567 -2.53051 -0.235417 -8.0214 -4.62588 6.22574 29.5371
-18.9178 -5.89118 -4.41317 -6.26754 -11.7519 1.5106 1.98372 -0.0289214 -0.259084 -3.75665 3.68356 -0.929235 28.0903
-18.9585 -6.49382 -8.45911 -6.10514 -7.23797 -4.66699 -5.17135 0.603587 -1.53917 -3.95667 1.81172 4.04331 26.1113
-19.0925 -6.68739 -7.67768 -3.4991 -3.51619 -0.383242 1.68602 2.20407 -0.934781 -6.64845 6.19755 4.21739 27.8821
-18.1949 -6.32714 -6.40303 -8.41705 -7.4544 3.73156 4.95708 5.99503 0.364905 0.528084 3.77998 1.80004 28.1379
-19.9545 -6.68083 -9.29436 -3.08994 -4.13364 -3.3136 1.08266 0.396858 0.833325 -2.30667 -3.09396 -4.83762 25.9047
-18.825 -6.3175 -8.01922 -8.74745 -11.6295 -2.22558 1.82606 -2.25224 -10.2972 -1.46745 1.62436 0.693174 28.1095
-18.8698 -6.41756 -6.83081 -5.48477 -5.78547 -4.21998 -3.94818 -1.38058 0.245691 5.18584 3.49979 -1.51203 26.6737
-19.5355 -7.97868 -8.10778 -2.53915 -2.14815 -1.2891 -2.58541 0.188689 -5.18243 -4.03448 -3.84661 -4.64605 27.0653
-18.4133 -1.8442 -7.31407 -8.26867 -0.59377 -5.75674 -3.02788 -3.69559 -2.02268 -3.00947 -2.46412 -5.51474 25.1153
-19.5582 -4.78334 -8.20145 -5.20458 -12.1638 -9.1439 -0.528498 -1.37988 -0.201013 -1.5489 6.93287 2.55616 27.6859
-18.0696 -4.2733 -12.5307 -1.02948 -4.12278 -3.9253 -2.23685 -5.78857 -6.00956 4.54464 3.86492 2.19815 28.9854
-18.1059 -2.62252 -7.96152 -2.14186 0.214037 -3.98643 -8.05933 -9.78893 -9.77485 -5.21414 2.21977 4.63881 27.0586
-19.3258 -4.61717 -5.54491 -1.80739 -5.13187 -8.37884 -5.83845 5.26983 0.499101 1.97289 0.259879 -3.76233 25.5847
-14.7309 -3.28985 -6.45467 -5.85178 -5.16295 -6.46641 -0.084225 -3.74987 0.44201 0.732529 -0.648085 -0.726313 28.685
-18.7386 -4.79243 -4.30055 -3.20988 -7.42674 -3.3751 -6.9037 2.27878 -5.53043 3.86524 0.679776 -4.64703 27.4952
-18.1888 -5.29228 -6.04194 -4.39541 -10.5756 -4.1331 -3.52728 -0.64064 -8.39463 -5.75185 -1.57166 -0.607529 26.4258
-16.248 -3.65575 -10.6512 -5.62097 -2.21357 -4.76185 -2.38105 -1.97248 1.49302 1.38385 4.27242 3.38128 26.9293
-18.958 -4.85822 -6.2805 -5.54608 -1.06339 2.16302 -6.51156 2.03574 8.47541 7.39365 -3.52075 7.7356 25.2593
-18.6676 -3.56855 -3.83477 -7.73551 -5.51214 1.21495 -6.22375 2.95493 1.0992 4.78209 -3.12429 1.23981 20.7844
-18.8808 -3.82737 -5.41589 -4.58999 -3.88308 -2.78124 -1.8988 1.50612 0.194963 5.0281 6.09632 1.16713 24.1855
-18.3885 -1.75789 -3.68914 -7.19409 -8.69145 -3.62138 0.160186 6.37445 -5.82922 2.38989 3.93727 5.41519 27.28
-18.4334 -3.62071 -7.46002 0.389719 -2.58068 4.01369 4.99043 4.17908 -1.74463 -0.892287 2.60007 -5.82975 25.3482
-18.7045 -5.55076 -7.73325 -2.61465 -5.86177 1.1815 -1.07065 1.53589 -3.79288 -0.933865 1.09729 -5.13749 28.605
-9.92384 1.69207 -5.57324 -9.87043 -6.24256 -4.01379 3.20557 -3.40495 -1.71453 -4.75844 -8.39936 -3.01203 34.2066
-11.6811 6.94366 -10.8404 -19.8808 -13.2666 -24.5153 -6.27351 -0.68101 -13.9658 2.80813 -5.36569 -1.5235 42.9536
-11.201 8.05576 -12.2826 -21.333 -6.79103 -18.2387 -1.71496 -0.924911 -3.17627 7.91313 0.554853 -2.03026 48.5094
-13.9469 4.4009 -16.4914 -27.2493 -6.08987 -20.6361 -4.89285 -1.5927 -0.21763 2.63494 0.522139 -11.0771 53.2669
-14.433 3.27181 -17.4714 -30.5783 -1.24117 -17.7625 -0.605852 1.04824 4.58133 2.06437 2.08406 -10.7695 58.4133
-17.1469 -0.379312 -17.1019 -30.8367 1.95975 -15.9263 4.05271 0.330486 1.15716 -2.66255 2.33422 -11.1448 60.8842
-16.4983 0.602089 -12.6745 -27.7142 8.47442 -8.95793 8.71407 3.89686 1.5352 -4.59154 4.19343 -7.07365 64.081
-16.4982 -2.57029 -10.716 -28.6208 9.41943 -6.17572 9.16992 0.14148 -2.00536 -9.42314 3.63307 -3.33577 64.7892
-18.8528 -9.84927 -13.3883 -32.6409 8.19613 -7.16932 2.42299 -2.2314 -3.59965 -16.3696 0.263437 -2.93005 65.4534
-16.1474 -8.57536 -9.25296 -28.5031 13.8424 -1.69473 5.04561 2.27967 2.12809 -10.1847 5.18906 -1.51742 66.3959
-17.6808 -12.4431 -12.4724 -31.7951 8.37387 -3.96228 1.14878 -5.00059 -1.87163 -11.9595 7.1916 3.24089 65.2893
-17.8003 -13.4574 -9.82694 -29.4924 8.21615 -3.23454 0.297784 -6.27136 3.86927 -12.1437 6.60446 4.56187 64.8641
-16.3895 -12.0112 -7.25374 -26.5512 12.2716 1.425 4.38592 -9.81667 5.80056 -13.1146 6.72247 5.99479 63.1835
-14.4729 -14.6788 -10.1688 -26.871 7.88146 2.24875 1.60499 -13.9577 4.99753 -11.2584 4.50234 11.1896 59.1758
-11.3537 -14.23 -14.2396 -22.9752 0.674359 1.88367 0.491773 -16.285 0.601497 -11.4268 0.119487 11.8439 54.5622
-9.15558 -12.9059 -17.7395 -25.1634 -2.62933 -1.46547 3.15437 -12.979 0.608438 -13.1697 -4.6023 13.3025 51.732
-9.0199 -9.96922 -14.8106 -25.1196 -5.03679 1.86713 5.60167 -12.5563 -2.86065 -1.79309 -0.200487 6.07438 46.6488
-11.6253 -11.3318 -10.6408 -25.1587 -8.99373 1.01916 9.89918 -17.0514 0.0107748 -5.4623 -2.39367 9.48835 50.7071
-10.6601 -11.972 -7.62341 -25.1698 -7.87055 2.93089 2.839 -18.202 -0.21502 -9.64427 0.0691444 13.1343 51.6128
-11.794 -7.84494 -2.31768 -18.2951 -11.4885 -2.67826 -5.78906 -19.452 1.11972 -14.6987 -10.6826 6.83968 49.2685
-8.90387 -1.44402 -2.98736 -10.1523 -2.02898 -9.35049 -5.70851 -20.2762 -6.697 -13.4503 -12.2502 0.321603 47.2422
-11.6466 1.18215 -2.1504 -5.27459 -0.959238 -15.4494 -8.07951 -10.4702 -5.13374 -11.7024 -9.62469 -4.35621 44.3665
-12.5438 -3.07218 -9.7234 -13.6866 -8.079 -12.0318 -5.69672 -4.78002 1.14955 -11.0027 -1.67634 -6.1015 44.4993
-12.4383 -1.76939 -10.8487 -10.9849 -5.21782 -16.0153 -3.86991 -11.8558 -2.62489 -4.2626 -1.33884 -5.57196 43.5829
-14.2421 -6.23258 -11.0975 -13.3459 -3.67824 -19.0992 -2.60374 -11.5874 -4.64407 -4.34762 -0.772379 -4.21449 43.1355
-15.1186 -6.13422 -11.3965 -12.9252 -2.12934 -14.4284 -0.133765 -12.8106 -1.47467 -2.21105 5.18907 -3.39229 42.2851
-17.8325 -9.28695 -11.8821 -11.2619 0.887925 -5.38456 -0.177318 -2.85104 1.32944 -10.3795 1.34919 1.64594 41.2911
-18.0755 -9.34862 -11.325 -16.9437 -11.3258 -12.3032 -9.20133 -11.4602 1.01496 -3.64933 1.39566 0.921639 42.1013
-18.4585 -8.47559 -12.0736 -16.4429 -12.0874 -9.17764 0.507057 -1.69569 12.1778 0.812338 4.60589 -0.0393049 41.2542
-18.4497 -9.01091 -11.111 -8.79476 -1.64972 -3.60164 6.0745 -2.93518 -2.923 -11.0339 -1.47386 -3.52491 39.8808
-18.7655 -8.57398 -9.11271 -11.0862 -7.55997 -11.5652 -0.0336661 -3.54725 6.80562 -6.95862 -2.22708 4.43086 39.5528
-16.5143 -7.58403 -12.1471 -16.5406 -4.8055 -6.81538 -2.96506 -7.34969 4.37313 -4.83659 2.77206 1.58223 40.0657
-16.1198 -8.78037 -10.3639 -14.4891 -4.99223 -6.64167 2.34839 -7.75414 -0.706246 -0.520146 2.53313 -0.681112 40.6041
-15.8338 -6.69509 -13.2847 -15.0034 -6.94719 -11.5719 -0.111854 -9.1438 4.42454 -8.61892 -2.3614 0.800691 40.1476
-16.8498 -6.61163 -9.85238 -10.2303 4.08034 -8.11375 -3.23422 -9.52976 3.33867 2.15626 -1.2692 0.980318 41.9015
-16.4015 -8.14487 -11.5195 -5.74215 2.06337 -4.9843 -2.06717 -14.2178 -2.75602 -5.3757 -5.34645 3.77925 39.6302
-17.3564 -10.5075 -11.1889 -7.54552 -0.898708 -9.13515 -5.97808 -2.46547 -1.0378 -10.326 -4.25833 5.17193 40.0344
-15.4994 -4.95912 -8.90913 -11.6175 -6.81633 -8.16828 -6.68566 -13.3915 -6.63722 -11.1624 -2.71884 -5.98127 38.7822
-17.0859 -5.39804 -8.1462 -11.3703 -4.79615 -8.83444 -2.37533 -9.45753 -0.175646 -7.04004 -3.75507 -5.11195 37.4062
-17.1976 -7.04063 -10.7285 -10.6269 -9.82336 -12.3278 -2.70886 -7.9948 4.61569 -2.65415 3.27317 0.348106 35.3375
-18.0333 -2.80621 -6.182 -2.13661 -5.45069 -9.49092 -7.33869 -10.9947 5.73523 3.31348 7.98015 0.00523856 33.2699
-16.7331 -3.33918 -7.80761 -4.31542 -12.2646 -6.96636 -5.58324 -1.52963 0.176702 2.20769 -1.08642 -4.72459 32.1265
-17.3992 -3.86715 -7.60943 -5.88758 -8.31165 -1.34716 -7.89243 -6.71275 0.704307 1.61692 -2.03077 -2.3675 28.8292
-18.4592 -5.18796 -1.2932 0.699898 -2.77999 2.97536 -9.64231 -0.961743 2.84436 -3.10476 -9.11714 0.60781 28.0491
-17.6639 -5.14398 -5.01503 -3.75727 -6.26996 -3.27897 -1.64187 1.62391 2.93293 0.357799 -7.72911 -7.04358 29.1601
-18.4124 -4.81968 -4.64483 -0.214345 -6.41588 -1.15042 -7.78561 0.879933 -1.97192 -6.71103 3.62365 -0.063114 29.8099
-15.729 -4.28109 -6.37625 4.37421 -1.94115 -2.44514 -0.355493 -4.42196 -1.85645 0.428568 -3.07106 -1.06892 28.6758
-17.16 -5.01006 -7.96761 -1.06762 -4.6104 1.43441 -1.41866 1.38856 -2.23015 -6.98397 -4.10556 -0.737751 28.837
-20.1119 -7.53274 -8.19205 -5.01793 -4.87433 2.92584 -5.63354 3.9441 4.0508 -0.310368 -1.21678 -3.47254 28.1748
-19.7868 -5.95227 -9.40109 -7.18399 -1.73263 -3.3717 -9.49589 -9.16185 -9.15008 3.36859 3.66399 -1.37145 26.9459
-17.9153 -1.20445 -9.25711 -8.60442 -4.3657 -3.81236 -7.08454 -8.36912 -3.92564 -4.66268 -2.36048 -2.15115 27.627
-18.1071 -3.50927 -9.10737 -1.68139 -2.60394 1.8696 0.317355 -5.95569 -5.95709 1.05211 5.08751 3.5136 26.2858
-16.8621 -4.95635 -8.02132 -1.82947 -3.79054 -0.55823 -0.405886 -4.17119 -5.71408 3.75983 -2.23128 -1.17668 28.8859
-16.6464 -5.14892 -7.01969 -3.66971 -2.17029 1.72518 -5.95846 -4.23951 -5.5891 1.79473 -2.99391 -2.38756 29.21
-17.1709 -6.50163 -8.71404 -4.63969 -2.71693 -4.31466 1.55427 5.93294 7.87591 6.31755 -0.937944 -4.97106 28.0856
-15.8892 -5.55216 -7.98727 -4.82314 -4.35554 -5.09084 -3.68289 -0.725588 -1.518 -3.66397 5.68779 3.82925 29.4825
-15.2254 -4.49974 -7.91527 -4.33956 -11.316 -6.11605 -5.43877 2.23052 -4.83091 -1.45328 -2.08201 1.10741 29.5097
-18.1177 -4.58661 -6.52255 -4.38865 -13.4331 -10.0016 -3.97552 -4.56133 -4.28041 -0.203052 -2.12081 -0.158831 26.9386
-17.6219 -6.12352 -7.72107 -1.82687 -3.17562 -4.14707 -2.45669 -5.79318 -5.2916 -2.96973 -2.54889 -3.59551 27.4456
-13.3394 -1.42256 -9.93563 -6.11458 -0.517872 -7.05066 -0.2413 1.94828 -5.22809 -6.04399 -0.97266 1.13305 30.2226
-16.8606 -2.63863 -11.7324 -2.0237 -7.96371 -0.74886 0.117859 -2.71437 -3.91289 1.2246 -5.0785 -9.24809 27.8315
-18.7311 -4.27406 -7.3922 -4.89355 -7.79574 -1.85118 -0.349674 4.72809 2.99544 1.38277 -4.73168 -1.3902 26.4276
-19.932 -7.14292 -7.88053 -5.63411 -10.6663 -4.35655 -1.23068 -0.959931 1.36782 -3.31214 -1.97171 -0.206336 26.6194
-17.0774 -4.85622 -6.52508 -5.38242 -10.2219 -6.55099 2.48972 -0.304833 3.11345 -5.19065 -3.58703 -1.05114 29.1693
-16.4593 -6.37793 -8.95782 -6.39817 -3.41203 -6.03043 -1.19634 -0.893486 -3.51338 1.2599 -6.44867 -4.06673 29.2697
-18.0846 -8.39424 -9.86792 -8.24084 -2.10141 -5.08712 -7.41824 -0.457475 -5.73919 -1.57665 -2.21449 -0.475573 27.0536
-17.5283 -3.14703 -0.660875 0.379389 -7.92659 -2.98528 -0.767831 2.21629 0.669791 -2.19737 1.46437 -2.12661 27.5857
-15.2921 -4.71983 -4.95453 -2.00571 -11.4631 -6.39115 -5.22285 2.34957 -3.96139 -2.1949 2.65209 -1.34425 31.4805
-17.3079 -4.22804 -6.10077 -4.67262 -6.61426 -3.55184 -3.30046 0.668156 -1.5651 -7.00456 -10.0278 -1.76132 27.2748
-13.3747 1.54836 -7.93254 -3.3718 -9.91757 -5.38587 -3.0298 -0.626396 -7.53127 -8.41523 -2.18536 -6.12285 31.4643
-16.4206 0.470462 -2.73775 -1.1671 -6.10002 -5.43306 -2.38495 -1.7405 -3.26977 -1.08389 -0.653763 -8.07967 28.0211
-18.0997 -6.3602 -9.6899 -3.33908 -8.44905 -8.44635 1.92267 -2.23839 0.202161 -1.07134 -1.29865 4.80546 28.0182
-16.8577 -4.35728 -6.94512 -3.17772 -11.1908 -2.75818 -5.23087 0.225018 2.18812 -1.7958 2.65739 4.04995 28.3903
-17.697 -3.6037 -4.99248 -1.73922 -4.18868 -2.50597 -7.09352 -5.07675 -0.790865 5.7096 1.90847 -3.63475 23.099
