-11.0976 -0.641222 -8.91761 -12.1821 -1.21739 8.37041 -2.27562 -14.5823 3.27883 1.12021 -7.91193 3.83072 73.3311
-16.9305 -3.91193 -8.19951 -3.37039 -5.7858 -6.04407 0.208767 -7.47997 -4.28468 -3.0265 -4.67207 -5.5232 32.9204
-16.7022 -4.05899 -9.23633 -1.8618 -9.76047 -11.357 -7.49314 -11.4815 -0.631721 2.80008 -3.64549 1.17771 33.1127
-18.4595 -4.67355 -10.7715 -9.04613 -8.58625 -11.988 -8.97148 -3.07724 -2.51786 2.58198 -0.270625 -3.00886 33.0588
-24.7573 -3.25181 -4.24696 -16.7531 9.40096 -13.7664 -8.8677 -3.82892 -0.221445 9.31171 1.83453 -3.4428 35.1074
-20.2972 -4.59978 -8.89861 -12.4601 -3.26725 -12.0032 -5.59375 2.69347 -0.45143 -0.60253 1.13778 -1.01986 32.9629
-18.4157 -4.31764 -9.91833 -7.57746 -8.96053 -8.77442 -5.74712 -7.08515 -3.12893 1.63046 -0.481091 7.47559 32.9582
-19.5544 -6.3493 -10.2994 -6.81229 -4.38399 -3.01843 -6.70809 -1.29264 -3.34055 1.49234 -1.03264 -1.12687 32.6146
-18.2668 -5.6952 -7.86159 -8.16443 -10.3998 -3.38699 -8.57374 -1.78425 -2.34181 3.13064 0.740306 -2.16757 33.4765
-15.7388 -2.01603 -5.30398 -6.76523 -8.44623 -6.40161 -14.3885 -10.0038 -1.87252 2.90229 0.212883 1.3757 33.5336
-17.351 -5.65513 -10.0638 -8.97004 -8.61154 -7.03587 -14.26 -3.42386 -1.69909 -2.7814 -2.95585 -0.519286 33.0075
-16.1567 -4.09423 -6.13193 -11.5774 -14.0712 -11.5589 -14.4052 -6.69627 -7.62245 -2.88596 -6.25299 -3.15352 33.574
-17.1111 -3.61145 -6.8374 -6.00916 -4.40899 -8.03477 -8.36142 -5.69443 -8.55445 -10.3683 -5.92749 1.97631 34.1304
-18.1918 -5.29877 -8.93222 -6.06893 -10.4957 -7.07287 -1.54029 -3.53183 -2.6957 -4.61218 -5.45883 -4.12789 33.7617
-16.8612 -2.67866 -6.60157 -6.15588 -18.5286 -12.3733 -7.76864 -2.07665 -7.18591 -10.2302 -7.69691 4.45263 32.2548
-17.9874 -5.13863 -13.6604 -10.5621 -8.20742 -2.40973 -9.79357 -4.76105 -1.79827 -14.8636 -7.31119 1.19276 32.1654
-17.2317 -5.12165 -12.1473 -12.0919 -14.4847 -3.21083 -6.71881 -9.50045 -5.5269 -10.2713 -5.19838 -2.54265 32.9765
-16.5597 -5.421 -6.95446 -4.50368 -8.85447 -9.898 -8.18588 -8.70447 -1.0519 -8.1951 -0.180517 0.427559 33.8743
-18.0323 -7.83366 -5.78607 -10.5241 -10.2262 -6.48975 -7.038 -5.62919 -3.80108 -5.16489 -2.55034 -1.44765 33.7661
-19.546 -4.79965 -7.83144 -13.9991 -5.60255 -13.671 -5.20877 -2.11563 -10.8346 -8.86427 -4.51492 2.98405 33.4889
-18.3934 -4.16183 -10.9454 -9.46063 -3.91717 -11.0289 -8.0612 -0.197441 -1.41504 -8.00055 -4.29194 1.70614 33.5652
-18.0396 -3.97834 -9.96344 -10.8466 -5.02454 -3.59035 -3.56607 -5.47614 -8.3721 -2.51338 0.728754 -2.86401 33.8644
-17.9518 -6.22036 -7.96457 -14.1274 -9.02581 -7.31266 -3.48948 -6.33902 -7.89792 3.09695 5.44235 4.91069 34.5929
-18.1383 -2.06528 -6.41988 -13.9392 -9.20323 -12.5262 -9.70771 -1.12826 -4.85551 6.71432 6.38292 -2.53668 34.9702
-18.2898 -3.79556 -8.83127 -14.8895 -4.32456 -16.035 -8.58805 6.39481 1.17507 1.20119 3.95907 -0.444821 35.6026
-16.4537 0.0832764 -9.60209 -10.284 -1.73349 -18.5184 -12.5904 -5.59412 -4.14669 -4.34665 -4.10158 -5.20162 35.146
-16.6216 5.02761 -11.2552 -21.6651 -1.56207 -20.9233 -4.54582 -1.59224 0.0229997 -7.08663 -0.168999 -9.22265 41.5219
-14.1242 12.3614 -11.5253 -26.7808 -5.43135 -26.5741 -14.4714 -4.64036 -1.22522 -9.50261 -2.00878 -13.522 47.2571
-13.4004 8.14942 -8.95088 -28.6878 -2.3856 -20.2384 -7.90043 -7.46244 0.305505 -7.9712 2.5296 -9.0235 48.7668
-16.3159 6.05981 -8.40821 -25.4025 -6.70465 -29.9219 -9.94993 -6.45214 0.184174 -6.47844 2.97486 -11.0754 54.7949
-17.9179 2.15081 -6.40159 -23.143 -7.63377 -36.0732 -11.8711 -7.87708 1.50407 -4.14776 2.36485 -13.0988 58.4596
-16.7757 2.33827 -4.88224 -25.5419 -4.89029 -30.5802 -9.91097 -4.65103 5.36705 -3.21948 5.11999 -8.09906 60.8124
-15.3736 1.18762 -9.05825 -34.2362 -7.90497 -29.0065 -10.8477 -2.61659 3.83991 -7.00162 1.49221 -8.02915 60.621
-12.6143 0.440118 -8.11144 -37.7425 -5.50058 -19.6455 -6.65944 -1.91564 4.53281 -3.89985 -1.88518 -4.18462 61.3844
-12.3131 -6.53888 -6.35518 -33.7584 -6.50972 -22.4864 3.41785 3.91376 -2.1635 -4.74887 -3.95299 0.738423 64.1354
-12.266 -8.27905 -5.10066 -33.9359 -5.16458 -11.4279 5.31613 -1.18269 1.9732 -8.98784 -8.96713 -0.90766 65.7969
-10.3477 -10.911 -6.73342 -27.4616 0.149056 -5.61071 7.07998 -5.75221 2.85655 -8.29723 -5.03252 0.063767 66.8088
-12.1597 -13.3722 -3.67377 -29.0532 1.88333 -3.6012 10.2712 -7.07916 -2.96575 -8.32676 -12.7175 6.85379 67.7682
-12.6061 -13.9135 -3.93708 -28.3748 3.07338 0.603877 9.7889 -12.4057 -5.25047 -1.56362 -15.4888 3.43185 67.8538
-11.7716 -15.0635 -7.11228 -25.8159 4.61238 -1.41802 8.29207 -14.8937 -7.12986 2.14367 -12.5714 2.43045 67.3663
-12.0926 -16.5318 -8.56791 -28.2975 4.73731 -5.70363 7.51773 -20.1087 -9.97941 2.83023 -12.7068 0.496517 66.4227
-11.7032 -18.8192 -8.24244 -27.6489 2.46987 -4.91921 4.57559 -19.4382 -13.0638 2.68124 -16.042 1.55815 65.5066
-13.2074 -16.708 -9.65901 -24.8456 1.80943 -4.15696 4.16017 -20.7793 -11.8874 -0.946373 -13.9012 -2.70328 65.5055
-13.7862 -17.1961 -9.0133 -22.0547 -1.28566 -7.75484 7.57954 -25.6766 -11.016 -0.164817 -12.7042 -3.82204 64.8713
-13.2021 -17.714 -8.39491 -23.0788 -2.07785 -9.36205 9.16605 -28.4441 -8.85308 3.07922 -11.7068 -3.24903 63.5176
-11.5445 -16.9166 -7.82351 -22.4311 -1.79014 -9.25635 8.26578 -26.7764 -5.23032 -0.621663 -5.57649 -5.73864 61.0577
-12.6196 -15.747 -4.81847 -11.4581 -2.5393 -11.0675 6.81193 -19.2885 -0.826408 -2.131 -7.44324 -10.9359 55.2546
-18.1396 -16.7654 -10.6227 -22.3609 -0.346645 -8.358 2.67216 -18.9179 -5.58342 1.39415 -3.77915 -4.37554 52.2319
-19.1207 -10.957 -8.83369 -22.3742 3.03975 -12.2828 -3.16002 -16.513 0.14945 -4.12781 -5.53547 -3.18818 51.6822
-14.83 -5.07841 -7.05409 -21.4488 -6.81741 -17.7688 2.73066 -7.90241 -0.83972 2.82131 -1.50413 -2.61267 51.0207
-10.7194 0.587373 -3.02062 -16.7662 -8.41552 -16.0415 -4.50118 -18.883 -15.312 -9.0026 0.207968 0.661723 49.0974
-9.95605 1.46007 -1.8102 -17.9571 -12.9206 -18.0081 -9.95262 -22.3544 -7.22461 -10.1461 -7.22602 -8.45527 48.2548
-13.8201 -4.4391 -2.91041 -11.5685 -5.33085 -13.1347 -2.6201 -21.402 -11.9476 -14.9841 -3.10813 -0.327235 46.9886
-18.1335 -5.13649 -4.10073 -7.87428 -5.06958 -9.95148 0.860611 -8.7564 0.166814 -14.0164 -3.56106 -1.92844 45.8327
-21.0586 -7.0509 -6.45127 -15.7228 0.0218353 -10.6304 1.3279 -9.20746 -4.81109 -18.6295 -8.79299 -9.45347 44.0826
-22.3752 -7.18544 -11.2193 -14.3799 -0.524009 -5.44283 3.831 -10.3044 -3.10714 -1.78016 0.913321 -5.52479 43.1237
-23.1171 -6.3517 -10.1384 -15.1459 -3.41646 -11.7908 -0.132794 -8.04574 -0.222132 -4.73949 4.12476 -5.08379 41.9744
-22.5237 -8.08277 -8.77109 -12.7735 -4.93061 -7.15499 2.95788 -11.2883 -1.32032 -3.62178 0.723422 -9.76388 43.175
-21.7073 -0.864688 -5.79114 -11.1693 -7.69735 -15.0709 1.23168 -12.889 0.751214 -6.62929 -2.69304 1.10653 41.1204
-22.6052 -5.99212 -12.807 -11.5232 -4.2842 -10.1177 9.56903 -9.93077 1.39168 -3.05402 -0.142691 -4.22737 39.6704
-22.4571 -2.01124 -7.61702 -13.9799 0.912801 -7.57377 8.72241 -6.31879 0.735875 -3.34746 0.544518 -3.30767 40.2782
-23.8437 -3.94149 -13.5775 -14.1432 0.133338 -15.461 5.48834 0.227133 -2.31733 -3.26268 0.0613218 -2.85127 40.8595
-24.2427 -3.65411 -9.87727 -12.836 -7.05924 -14.5492 -3.46394 -17.0443 -2.74377 5.28094 8.86841 1.86949 41.9355
-23.9181 -0.434496 -11.6678 -7.97272 1.47215 -9.39811 7.44431 -13.5025 2.12293 -2.53763 4.64447 -5.92644 40.4347
-25.0901 -1.42755 -7.60265 -7.81929 -3.06264 -10.8659 9.11509 -5.25912 3.94168 -15.8146 -4.43677 -7.28602 39.8468
-23.3732 2.19383 -9.06033 -10.5564 -4.90989 -18.8792 8.76882 3.83747 4.69545 -5.90508 -5.47405 -8.71539 38.8553
-26.1945 -1.24771 -8.20698 -10.7681 -6.21249 -19.3035 -3.54737 -1.50114 -2.24067 -0.374747 -4.2861 -3.69639 39.7622
-24.4331 -1.57699 -10.6189 -8.93538 -4.05499 -14.8244 1.75235 -7.0934 -0.930389 -3.33587 5.55828 -1.29817 40.3855
-24.6308 -3.10563 -8.05743 -4.67724 0.764832 -6.71546 10.3247 -5.25326 -2.98192 0.662354 4.97541 -13.063 38.8751
-24.9726 -2.60977 -7.30359 -5.13569 -4.86711 -16.3349 4.70622 -4.1899 -3.484 -1.22497 9.20097 2.96755 39.6656
-24.5015 -0.438198 -7.40115 -6.33652 -7.61921 -24.5765 2.56021 -18.0625 -4.51831 -1.00515 10.7407 -3.00533 39.288
-23.5938 -1.53991 -9.36251 -14.443 -9.2995 -14.7704 4.28957 -21.7601 -5.97246 -2.57119 2.49854 -2.93612 38.4044
-22.97 -6.82648 -10.1667 -10.2945 -3.09017 -14.3842 11.4969 -14.9701 -5.01196 -0.200411 -4.017 -13.7447 39.0701
-22.8407 -8.66073 -5.44286 -5.88443 -11.693 -15.1128 7.23646 -17.9664 -10.255 2.77614 3.1521 -8.07637 38.2233
-21.7064 -8.50994 -1.40313 -1.88343 -6.01865 -9.16822 1.12493 -15.7243 -5.44713 7.29216 -3.02471 -8.17314 37.3648
-19.7239 -7.55424 -7.89941 -4.51973 -7.46367 -10.7919 10.4878 -11.8531 -3.5328 7.40452 0.339364 0.360208 36.6358
-19.8092 -8.46319 -8.03648 -1.58967 -6.70988 -16.1743 3.63161 -7.96892 -1.85996 5.6213 -2.41446 -13.4737 35.5443
-17.2626 -12.5967 -10.0227 -5.50739 -5.77925 -4.58766 4.41735 -10.8444 -10.6428 -0.00659183 -2.52041 -8.56314 36.3781
-19.1025 -10.4398 -3.39796 -4.9687 -5.83007 -1.18339 8.13207 -10.9481 -11.7688 5.49994 9.45774 6.34435 34.2628
-17.4683 -11.6833 -7.93952 -1.25236 -2.77276 -14.2198 -4.79418 -13.6781 -10.6643 0.831306 7.67567 -4.2173 34.9654
-14.7131 -7.79324 -12.3203 -6.80123 -11.5763 -13.1009 -3.52095 -6.53267 0.263613 -0.807412 1.57243 -9.29859 35.6004
-15.1539 -10.0242 -11.1344 -4.77702 -9.5784 -12.8095 0.51519 -3.87349 -7.51872 3.50797 1.75249 -12.1739 35.6541
-15.94 -8.87548 -8.54912 -0.334313 -9.49982 -13.0499 3.63064 -6.79801 -4.59371 -0.754192 3.68374 -5.39182 35.1362
-14.912 -11.8118 -11.6738 -1.16976 -10.0389 -11.8879 -0.434214 -7.34848 -13.6994 2.84432 1.22727 -3.90105 35.8401
-15.6834 -8.17925 -8.67811 0.0455299 -7.23701 -14.3982 -4.08429 -5.86946 -8.34125 -1.35041 2.62302 -2.6722 34.6678
-15.2361 -9.74845 -9.64222 -1.05057 -1.85398 -4.96653 -0.162041 -11.2792 -8.841 -5.01747 -0.0635458 -7.48911 35.2107
-14.8159 -8.47938 -9.74563 -1.37674 -6.39939 -13.0079 -5.5951 -5.88095 -6.25965 -3.3407 4.25218 -7.5663 35.7169
-14.2727 -6.05238 -6.49493 1.7358 -4.1421 -13.0331 -1.46023 -2.34616 -8.92857 1.2322 9.71571 -5.65678 35.6001
-16.5934 -8.40528 -8.17672 -3.21859 -12.3481 -15.5216 1.2848 -6.54629 -8.81275 3.06269 6.52384 -1.35282 34.6163
-16.3403 -8.57592 -12.1955 -2.8129 -4.46813 -8.10852 6.78219 -0.411639 -7.69156 -4.99066 -2.38972 -6.19045 34.9344
-15.5524 -8.06054 -10.0982 -3.9534 -9.77253 -10.4132 -0.965523 -3.3903 -11.0472 -4.09123 -6.40719 -3.87595 35.5728
-17.7024 -12.4196 -6.93153 -2.90287 -6.90621 -8.77538 -3.62044 -5.67422 -10.813 -2.72646 2.9635 -8.25163 34.0324
-16.519 -13.4728 -13.9474 -10.6121 -14.2944 -5.46693 -3.24552 -0.952689 1.60826 3.21314 5.69804 -8.6686 35.0431
-17.0299 -10.2414 -10.12 -2.60397 -9.03559 -7.69992 -4.76121 -9.21968 -2.90278 -0.649086 8.84697 -1.88098 34.5457
-17.8552 -7.48669 -2.16405 -3.75649 -11.0495 -10.0089 -10.7236 -12.8677 -10.6689 -0.659613 3.68082 -3.32923 33.6543
-17.4191 -10.4528 -9.96117 -7.33613 -11.0372 -5.18189 -2.93021 -7.43625 -11.3345 -1.5143 2.65183 4.60276 33.7384
-17.5976 -8.04221 -5.58643 -3.48515 -9.31242 -6.681 -1.88264 -4.315 -3.86562 -5.03463 1.15769 0.357386 34.5451
-17.3199 -6.80803 -4.90476 -2.25273 -3.28765 -6.88235 -6.75528 -3.64976 -8.61631 -2.11956 6.70083 0.292597 33.8422
-15.2792 -3.78577 -7.96228 -6.44466 -3.4189 -0.184625 -4.90058 -7.53448 -12.566 -2.06153 -0.720663 -3.76801 33.6713
-17.7063 -8.89789 -13.572 -9.07095 -11.7889 -8.40797 -7.72552 -12.894 -2.97915 0.616497 0.283861 -7.44314 33.9644
-17.5065 -8.17766 -12.7993 -8.68228 -2.28748 2.86494 5.51993 3.1205 -1.01191 2.52386 1.09683 -9.4854 33.7645
-18.3141 -7.00095 -9.6321 -11.7056 -8.41514 3.99599 1.62051 -5.64752 -0.114558 1.01977 -1.77615 -5.00134 33.3478
-17.5324 -6.84151 -12.0144 -4.9487 -10.6916 -1.59021 -2.99959 -6.23384 2.82445 0.757036 5.65829 7.04344 33.1911
-14.4018 -6.73193 -12.5567 -5.12388 -11.4461 -0.880779 -7.32863 -8.05685 -2.2891 -0.0824855 -6.69534 -0.489334 34.5572
-16.3094 -4.22566 -10.5686 -10.0365 -14.2463 -6.87224 -4.55153 -9.7612 -11.9449 -1.07251 -6.36518 -7.74866 33.4875
-17.0538 -3.86803 -6.68378 -1.50004 -10.1923 -16.4647 -15.0677 -1.91108 2.80754 4.39345 -1.68417 -2.94745 33.4098
-15.3276 -0.205547 -7.98527 -3.05109 -8.43904 -20.8908 -5.79601 3.94033 -6.39421 -2.50702 -7.00223 -8.54756 34.154
-18.1959 -5.16574 -14.644 -9.10655 -7.88012 -8.80633 -5.93966 -7.03666 1.97472 -2.05125 -0.70515 0.429895 32.8977
-18.4789 -5.18685 -10.6595 -9.34391 -11.735 -6.2048 -6.26274 -4.21553 1.62227 -6.52283 -4.80606 -8.15371 32.7915
-16.4028 -6.4126 -8.36395 -3.21167 -9.37847 -10.1463 -4.20871 -7.53808 -4.78968 -5.03092 -9.23725 -7.66206 33.4629
