-11.4721 -2.66735 -9.54097 -10.4172 -3.73776 5.99176 0.189241 -11.503 7.29916 6.89481 0.213054 5.87798 74.2517
-17.5425 -1.83662 -7.68713 -7.40099 -8.63827 -10.169 -5.52041 -5.32849 -12.9172 -8.7403 -2.86161 -3.36273 31.6382
-16.2195 -1.28975 -6.56293 -4.4393 -11.0972 -10.3623 0.529557 -4.35151 -7.68345 -3.18772 -1.47029 -8.44414 32.1115
-17.8976 -2.36763 -5.05657 -5.15977 -7.82743 -15.235 -5.82606 -7.59646 -9.16838 -2.33076 -2.311 -6.93358 31.7145
-16.6138 -6.9853 -9.13402 -6.60192 -7.32821 -7.86218 -0.810041 -4.5842 -0.302104 -5.15655 -2.76433 -3.3831 32.9398
-17.6222 -2.64717 -7.56026 -4.02204 -12.6624 -12.2001 -5.3924 -5.21861 -5.60956 8.29443 2.00378 -2.47331 32.6012
-18.2108 -3.09144 -4.54698 -3.60828 -13.7 -15.7654 -11.5504 -5.20501 -0.885606 4.06591 -1.14219 -1.08636 31.485
-16.6432 -0.889435 -4.72894 -5.71205 -10.1992 -8.23724 -0.089914 -6.36726 -0.0209517 4.86923 0.897947 -2.80339 32.0074
-19.9558 -5.03553 -3.08383 -10.9645 -10.1093 -15.7834 -7.50011 -3.96697 -6.60133 0.916634 0.858147 4.54411 31.7568
-16.6643 -3.22274 -6.8613 -4.41265 -13.0311 -11.911 2.85935 -4.13474 -1.41339 -8.09158 -13.7969 -1.30621 32.5547
-16.7183 -0.452597 -7.03765 -3.48205 -5.40018 -10.7253 -5.46309 -1.55304 -2.86037 -7.2929 -6.11511 8.26429 31.035
-17.0085 -2.23666 -7.96607 -10.5816 -10.4643 -15.7478 -12.1892 -13.031 -6.7548 -5.44556 -9.40522 3.56973 32.0414
-16.1578 -0.690335 -4.01085 -9.3105 -12.9623 -11.4625 -8.94282 -8.16724 0.141831 -0.257276 -5.10976 -0.0974858 32.7809
-15.9048 -1.24354 -6.69746 -6.52185 -10.0457 -12.482 -6.2792 0.740283 0.205672 -8.16183 -1.78233 1.612 32.2296
-16.1628 -4.68514 -9.25782 -8.43267 -9.04432 -12.1227 -3.85146 -4.18051 -1.39434 -4.82487 -2.71573 1.87608 31.8687
-17.3686 -1.93969 -4.38854 -6.91291 -7.58362 -13.2506 -11.0777 -11.021 -7.52744 -10.6557 -5.57416 4.50896 32.3381
-17.0262 -0.619537 -5.35411 -6.16192 -6.80459 -12.4384 -7.41252 -8.13816 -0.303358 3.63272 2.77468 3.94191 32.2484
-16.0386 -3.98869 -6.7525 -8.36094 -7.30494 -9.88158 0.276933 -1.40122 -0.632431 -2.50264 -8.00389 -6.16438 33.248
-18.6177 -2.14499 -4.50242 -6.73349 -9.04934 -7.2835 -2.45657 -6.49868 -8.47841 -1.04839 -0.552539 -2.07357 31.2926
-17.808 -4.43049 -8.46765 -3.83822 -4.49109 -13.4268 -1.99682 -6.35561 -6.26737 -3.13097 2.10512 1.11446 32.1983
-18.141 -4.27352 -5.66656 -8.99229 -10.4779 -6.68891 -2.90316 -0.554256 -5.85888 -3.23337 -5.57956 -1.68441 30.5433
-17.9411 -3.46659 -7.32454 -10.4528 -7.52472 -10.613 -6.76575 -10.745 -6.74649 0.108662 -6.58046 3.49415 31.6567
-17.9096 -3.1493 -8.31416 -7.10122 -8.44458 -6.09845 -7.39889 -0.0525496 -3.533 -9.8471 -3.25866 -9.21119 30.6474
-17.5077 -3.59463 -10.4202 -12.1951 -9.29061 -4.16898 -3.25091 -4.92877 -6.72801 -10.0391 -0.644965 -4.86876 31.3557
-17.8042 -3.69165 -8.67271 -14.0574 -10.4851 -10.8586 -7.89855 -5.78501 -0.550345 4.48528 4.0604 1.22931 31.2946
-16.8746 -0.593789 -5.8684 -10.6359 -4.19975 -11.9726 -7.07273 -13.3621 -5.78119 2.19724 1.28938 5.54056 31.8735
-16.626 -0.773958 -4.94446 -8.52106 -8.92001 -14.8668 -5.07014 -7.92978 -3.4344 -3.09364 -11.5548 3.54484 32.439
-16.8605 -0.724296 -7.51511 -9.3581 -8.85605 -13.0765 -8.32161 -2.73367 2.027 -5.76812 -1.91657 3.33672 32.0326
-15.7611 -3.25341 -9.1922 -12.1025 -11.2384 -15.4447 -9.11941 -2.56871 -3.34132 -13.4126 -7.41782 -1.16754 32.2019
-17.5113 -3.9719 -8.80934 -11.8648 -12.8502 -11.8416 -10.5263 -1.40591 -0.144896 0.519988 -1.76071 1.44504 31.7955
-16.9319 -3.98578 -10.6448 -12.6983 -7.82598 0.75694 -4.373 -4.4076 -5.39107 -4.38633 0.745683 -5.65224 31.6804
-16.8851 -1.39293 -8.85021 -15.1445 -11.4816 -2.70245 -5.30612 -9.01149 -5.79762 -5.72161 -1.63005 -8.26166 32.33
-17.8045 -2.79297 -6.32942 -14.2763 -8.01792 -9.12773 -12.3079 -13.5312 -7.16477 -1.16777 -1.9746 2.39915 32.1099
-16.8586 -5.34759 -6.68384 -14.432 -12.2957 -10.9106 -10.116 -3.23158 -0.20766 -2.25511 -3.38352 -4.15576 32.7109
-16.46 -2.85232 -5.53685 -4.30097 -7.12805 -11.1166 -7.76965 -9.45181 -4.40708 -14.2666 -5.97605 -1.01746 31.8762
-18.2431 -4.04358 -9.27505 -14.6185 -11.8949 -10.1162 -6.66093 -0.890524 -3.05358 -9.027 -3.78267 -2.44761 31.9087
-18.6162 -3.56281 -2.52098 -14.1459 -8.22202 -7.97547 -10.1289 -0.193552 -1.15693 -1.70604 1.83866 -4.07032 33.6527
-17.2462 -4.84367 -5.48527 -17.278 -4.00511 -1.16099 -15.2515 4.20622 2.26968 -3.20219 -1.07285 -3.18557 35.047
-18.9523 -0.854557 -3.13471 -18.5436 -0.522186 -6.9658 -17.2347 -7.05961 -8.1961 -1.53696 5.16665 2.95031 34.9588
-22.7133 -1.38844 -3.55495 -21.1351 6.94652 -4.8877 -15.6079 -0.744547 -1.37077 -1.52434 -3.94803 1.11725 36.6921
-20.9626 1.12169 -6.18638 -25.5536 6.44849 -14.1543 -14.7171 1.83806 7.7126 -0.617376 3.68891 -6.64904 38.4854
-22.1858 3.41663 -3.72485 -28.3042 4.61891 -8.89247 -2.55446 5.75367 -5.90607 -6.10145 0.549499 -12.9882 39.949
-18.1646 4.85666 -3.72815 -25.767 6.15532 -9.61913 -6.21405 2.94151 -0.748224 -6.51742 -2.2825 -3.75343 44.4304
-11.9158 9.62005 -4.34342 -24.5773 -1.63397 -16.035 -11.0723 -2.97789 4.06301 -9.91278 1.74687 -3.71439 48.1555
-11.3341 12.3982 2.76599 -26.1736 -16.8495 -12.4284 -0.418697 -11.7213 7.33955 -9.01298 -0.0411037 -2.36873 51.6336
-12.5916 12.4766 2.21904 -28.2959 -18.4443 -13.2346 -0.611768 -14.3692 14.3046 -9.06367 2.63908 -5.51344 53.1814
-12.9293 12.1638 3.1757 -31.2139 -14.7359 -10.9448 -5.29574 -6.92949 11.5039 -3.71029 1.80411 -7.4935 54.6051
-12.3311 11.4132 5.36563 -38.8814 -6.19798 -18.9986 -3.32586 0.00318355 10.5151 -2.31983 0.7585 1.27235 56.7648
-13.98 9.19824 -3.49163 -37.1442 -0.422728 -23.2307 -7.58506 3.04936 17.0514 -3.51953 -4.00409 -6.71405 60.1786
-13.9589 4.78117 -5.87364 -35.3768 -4.67456 -17.6307 -2.24434 2.85498 12.3643 -3.66107 -1.221 -9.55817 62.6272
-13.7718 1.71341 -2.76339 -40.8838 -3.38832 -5.14284 0.310425 -3.39061 6.87617 2.02818 -4.92982 -8.63825 62.0343
-12.4418 0.0837801 -4.99051 -33.9023 -1.30095 -6.73018 0.575631 0.972866 4.28964 -8.65786 -2.14899 -4.50871 62.2058
-10.5593 -4.96908 -8.78001 -30.1977 -11.1348 -3.02782 2.00229 -4.59948 1.13766 -11.4766 -3.45299 -4.86631 62.9738
-10.5354 -6.03286 -5.24767 -31.8671 -8.74988 -0.9272 4.42792 -6.43029 0.975221 -15.2039 -0.764621 -5.56694 62.4987
-9.37911 -9.12042 -5.27333 -27.9613 -8.96471 -0.961016 5.51355 -10.0477 -0.0226499 -13.3952 -0.337886 -6.70644 63.1317
-10.2484 -9.89573 -2.90853 -25.4352 -8.047 0.952191 1.32287 -17.3012 0.919939 -7.85649 -1.44155 -4.78269 62.638
-11.0601 -11.165 -3.75454 -28.6661 -4.99741 -1.74876 1.90697 -20.0078 -5.24275 -5.98931 1.49025 -8.22374 63.2475
-11.1356 -13.0257 -0.597668 -22.2959 -9.71079 2.40383 -2.88951 -14.9569 -8.32458 -8.96019 2.85326 -3.58546 62.8756
-11.4099 -13.0395 -1.87677 -21.7641 -4.0985 -2.93879 -0.152418 -18.493 -8.57657 -6.21071 -5.80324 0.233037 62.4418
-12.6872 -10.0017 -0.805743 -20.5557 -2.00248 -4.96855 -1.32553 -17.1242 -6.91687 -10.2685 -4.58955 -2.24398 61.3713
-13.1579 -9.25416 2.2298 -20.3774 -4.23967 -6.06859 -2.38416 -16.8558 -5.13911 -10.4244 -11.2756 -4.10407 59.2625
-13.6107 -6.40791 -0.436727 -19.2035 -4.56571 1.12915 0.390986 -25.0138 -8.49355 -12.3592 -4.88529 -5.13217 55.9145
-18.2092 -9.8131 1.33894 -18.4115 1.155 5.6232 -3.18346 -16.0574 -10.0394 -8.50183 3.03744 -13.5422 55.3081
-19.1805 -9.33527 -0.272941 -20.9424 -0.760517 4.66444 -5.59445 -22.067 1.44865 -3.03482 -6.64761 -7.82939 53.4328
-23.2205 -11.5432 -0.547301 -18.4434 3.56437 4.17554 -5.85425 -13.5767 2.88273 0.426817 -1.5678 -7.95111 51.356
-21.1638 -7.33674 -6.3451 -19.9906 2.12888 2.13716 -7.83706 -14.3902 0.288918 1.33994 -0.528609 -4.71978 51.7655
-20.2521 -2.43692 -7.15087 -10.801 1.26964 0.0867885 3.54144 -14.5081 1.47843 -7.50985 -2.98132 1.49309 52.1966
-26.1995 -5.52076 -8.68255 -13.0806 -12.4039 -11.9289 -7.27488 -20.6919 6.36253 -14.9157 -8.86989 -4.50765 51.3841
-26.4796 -2.13693 -10.1522 -12.6322 -4.78198 -3.87202 -6.30327 -23.5492 4.96755 -7.08508 -5.91889 -1.59086 51.8283
-24.3629 1.23695 -10.8731 -13.6269 -10.4966 -0.442657 0.858468 -8.51819 12.326 -2.51806 -5.71153 5.02832 52.6457
-24.8629 3.75199 -10.9678 -14.5844 -6.69787 -8.50865 -7.91053 -18.0418 2.63107 1.46515 -1.29527 -0.0103483 50.0688
-26.548 2.79418 -13.7729 -14.8055 -9.31095 -10.6677 -1.96825 -11.1809 -1.5954 -2.62456 1.02326 -3.35563 48.887
-26.2703 1.76888 -8.15851 -10.3022 -3.95867 -5.04706 2.55037 0.126065 5.22593 -5.78395 -5.87129 -3.09123 47.7198
-25.0294 -0.438305 -9.03103 -8.54721 -5.5292 -13.8035 -0.658861 -5.29929 5.41008 0.0202337 -0.608966 -8.26712 50.0333
-25.9015 2.29226 -4.51916 -11.999 -2.11905 -8.56763 -6.4082 -12.9759 -7.70998 -5.98462 1.78498 -2.1649 49.3584
-24.4284 -1.58052 -8.15799 -12.6638 -5.12357 -8.60277 -3.46486 -15.521 -2.81616 -2.92824 -2.27233 -0.481004 49.2498
-24.4261 -2.63277 -17.5025 -13.538 -8.87237 -8.44283 4.34308 -15.8847 7.02505 -6.44057 0.700234 -6.66495 49.4382
-25.2867 1.24434 -5.17688 -5.95929 -7.30038 -11.6327 -0.648859 -3.50608 8.20919 0.609048 -4.07434 -4.43174 49.1304
-25.8399 2.02518 -7.62671 -10.832 -7.26363 -5.72971 -1.94888 -7.23222 -0.494228 -2.25453 -13.4225 -10.2613 49.6519
-24.4256 0.235934 -11.9637 -14.1232 -9.80624 -10.4354 -13.6817 -12.4594 -0.561688 -2.85924 -9.66748 -8.62921 50.0138
-26.7905 0.0426806 -8.35772 -10.877 -5.93367 -12.3066 -8.07169 -5.93367 5.58062 4.24211 -3.55872 -7.20539 48.484
-24.5836 0.810034 -11.5122 -11.7838 -7.18149 -4.9369 -1.2008 -9.83179 8.05914 0.48789 -3.57037 -0.538736 48.0138
-25.3624 2.87432 -9.36208 -15.3474 -10.8166 -5.2596 2.26228 -16.5198 0.542462 2.58473 -9.36406 0.913034 48.7048
-23.5886 5.13002 -6.96476 -11.9607 -4.82862 -9.5386 -1.75033 -10.0139 8.32828 10.4435 -4.58988 0.769091 47.8567
-24.8335 4.95241 -13.35 -12.0611 -1.18016 -7.97354 1.59172 -17.739 -3.24301 -4.5976 -7.3676 4.76714 47.4682
-27.4226 1.49044 -9.34528 -11.805 0.594059 -8.48408 2.59892 -12.4296 -0.550495 -7.52361 -6.50992 2.37335 47.3425
-25.2117 0.665344 -9.89981 -8.56094 -0.415326 -8.62983 3.33313 -16.2538 -2.88144 -8.52751 -4.91565 -5.47989 47.4574
-24.2967 1.41426 -14.5544 -20.4942 -4.69549 -8.27013 2.67621 -14.111 1.18233 0.961147 2.56402 -11.1043 46.6249
-22.3621 5.44604 -14.0175 -19.4681 -4.91185 -2.55435 8.33252 -8.83249 -0.983401 2.85635 2.03208 -1.53979 47.7265
-24.5749 2.51837 -15.9622 -18.9416 -3.98779 -9.21865 5.98935 -8.7691 3.39333 6.76762 5.58813 -2.00697 45.7398
-23.2871 2.22933 -13.377 -17.3342 -0.467352 -8.91922 7.77948 -12.3548 2.81932 -7.06066 -5.35474 -7.73685 47.3447
-23.7209 1.80764 -9.88366 -16.4392 -5.88164 -10.9602 -2.10231 -14.3547 2.00484 -6.76186 -0.643675 -2.98468 47.4541
-24.0325 2.70676 -10.3248 -15.2998 -5.94027 -7.22442 2.5673 -12.2019 2.84287 0.427249 -4.09972 -7.41881 46.54
-23.9116 1.96273 -8.26445 -8.11969 -5.63163 -10.7695 -5.73186 -15.5024 3.3464 -2.59136 -3.14605 -10.181 46.1302
-23.4245 1.65159 -6.67752 -11.8727 -6.43772 -7.97586 -4.85413 -15.5127 4.94791 -1.86262 0.752745 -10.7538 46.2694
-23.9258 -2.03352 -9.43466 -14.6387 -11.9073 -13.3691 0.978186 -17.9467 3.36619 3.06519 -2.26835 0.248232 45.3985
-20.9433 -3.62565 -5.26909 -9.6959 -3.87604 -3.20392 5.7701 -14.3214 -5.11031 -0.667059 -3.27048 -6.07022 45.1569
-17.344 -3.62725 -5.03753 -8.72653 -11.592 -9.59447 -0.7971 -20.1139 -4.7349 3.67419 1.72271 -16.8952 44.4101
-18.3315 -8.72569 -9.12481 -17.292 -12.9677 -11.8493 0.518372 -12.5435 -4.98238 -0.866446 -0.667401 -14.3121 44.6194
-14.6653 -10.0277 -7.69619 -26.6403 -11.8309 -15.6576 1.59165 1.76311 -5.44846 -3.15076 0.730065 -1.36041 46.3905
-10.7642 -5.58018 -5.534 -10.3615 -12.5827 -9.42527 -2.65208 -15.3077 -11.9054 -0.0252643 -3.95075 -2.7686 39.3747
-14.3091 -8.05952 -10.4432 -8.81141 -6.61516 -2.31548 -6.43973 -18.2345 -8.02437 1.23509 1.44648 -4.41031 37.0043
-13.2641 -7.16495 -8.01207 -3.63245 -7.41402 -4.07112 0.969715 -9.73997 -14.3441 1.89011 2.29389 -3.92013 34.983
-13.4451 -8.40903 -10.666 -12.302 -11.4956 -0.857551 -6.15553 -7.49623 -8.42134 -3.76955 -5.88227 -1.37828 35.0149
-14.3886 -5.10294 -8.37212 -11.3752 -13.1894 -9.2297 -8.06937 -10.9929 -3.8415 1.31822 -1.13523 -2.05588 34.0524
-13.9666 -5.89539 -5.92891 -7.86004 -7.48884 -9.23066 -5.20432 -16.3378 -6.2124 0.531021 -4.9018 -4.31016 34.6305
-15.5024 -3.85598 -9.86277 -10.9065 -12.409 -6.61449 -6.07554 -16.6774 -15.2069 -3.79044 2.59888 -6.68348 34.0918
-16.1294 -5.72183 -8.23217 -9.29627 -9.66439 -5.89004 -6.03786 -17.937 -19.6169 -4.72613 -6.24382 -7.27363 34.1161
-17.5703 -5.59195 -6.90613 -5.75051 -10.1063 -6.4043 0.459418 -8.64064 -4.3344 -6.06788 -9.23898 -6.38792 33.4446
-15.3416 -5.80516 -6.52742 -5.4209 -19.1708 -8.51445 2.45078 -7.16899 -6.91811 5.28687 -0.931645 -5.21883 34.0595
-16.5357 -6.67123 -9.94644 -3.53643 -5.63743 5.79037 8.4353 -7.56491 -7.52089 0.334377 -3.61648 -9.81793 33.5433
-14.5487 -3.5172 -7.24172 -3.19416 -8.73541 -5.69245 -5.4 -8.38408 -6.20765 -6.20402 -4.74173 -4.87287 34.1025
-15.8813 -7.87419 -10.025 -4.24879 -16.1399 -14.7042 0.0987743 -8.14115 -8.70871 -1.57718 3.16193 -1.66792 33.9985
-13.5965 -5.21914 -6.1633 0.209111 -11.776 -15.7055 -6.15688 -8.59328 -8.83151 -0.667501 3.59602 5.60545 33.2145
-15.7286 -1.68564 -6.10575 -3.75229 -7.20346 -11.1956 -1.8564 -4.24015 -5.52777 -0.267272 -2.09464 1.96604 32.292
-15.8716 -6.5211 -8.51808 -5.40141 -11.1184 -6.46348 6.99279 -7.67788 -11.7117 1.26201 -0.991162 -1.39414 33.5349
-17.2901 -7.00637 -4.06736 -8.88198 -12.6339 -11.6149 -7.28207 -5.57298 -6.57025 1.6356 -4.28434 -2.16809 32.8783
-16.1949 -5.81045 -7.90194 -7.31781 -3.87625 -6.91157 -6.88174 -2.33729 -7.73196 -0.150656 1.72123 -9.0893 33.447
-15.2311 -5.41797 -6.8799 -4.55217 -7.87321 -6.70993 -4.31312 -10.5397 -6.58865 1.11348 -9.26369 -3.55227 33.6323
-17.0513 -3.65688 -2.25307 -4.52025 -2.49418 -7.71724 2.06045 -11.5934 -13.7679 4.25921 9.85892 -3.70247 31.8594
-17.5588 -3.82434 -7.07414 -7.63327 -7.66046 -13.6236 -16.2817 -9.13904 -7.30463 -3.10975 -3.02375 6.22403 32.2374
-17.1408 -5.72384 -7.68211 -6.78647 -8.90743 -8.73021 -12.0822 -8.21526 -0.668731 2.90804 -4.23078 2.44174 32.1749
-17.2228 -6.28362 -9.22116 -10.9488 -13.8283 -10.7993 -10.2948 -8.86652 -1.21159 -2.81948 1.49101 0.0537429 31.8503
-17.0502 -2.16684 -5.77458 -7.22982 -12.4314 -10.7993 -11.5034 -11.5572 -4.69227 -1.54502 0.744773 -4.2349 31.8218
-17.6499 -2.52939 -7.8434 -4.15199 -4.57949 -12.2282 -15.3114 -11.4876 0.769291 1.20586 -2.26765 0.462102 31.7798
-16.5789 -4.01542 -7.31834 -11.9038 -9.37732 -11.4397 -11.1946 -0.469568 3.13943 -1.42037 -5.40485 -0.961707 32.3856
-17.6702 -2.77514 -8.50062 -13.2962 -6.37523 -6.10817 -6.50524 0.774214 5.83212 -4.37144 -2.77611 -3.91155 31.1861
-16.6078 -2.0511 -8.63557 -8.76911 -4.97897 -9.10998 -9.18285 -3.24443 -0.832448 -4.45986 -6.45883 -0.146118 31.7745
-16.5545 -1.39968 -5.94655 -10.556 -9.65024 -12.2538 -6.02195 -5.33369 -0.614143 -6.00229 -4.73637 2.09761 31.9496
-16.3875 -2.50704 -6.82461 -5.42962 -7.28121 -11.8444 -7.2116 1.57653 0.875776 -9.54402 -10.7131 -2.1783 31.3094
-16.8202 -0.294781 -5.44501 -6.93884 -9.3686 -7.67213 -3.9739 0.283173 -2.91022 -3.03499 -4.63224 1.78564 31.0952
-16.857 -5.57243 -11.6535 -11.4734 -10.1529 -7.35995 -9.43058 -0.883568 0.0424299 3.15733 -1.92895 -3.95451 31.1515
-16.4517 -3.83948 -13.2773 -10.7795 -5.73363 -8.12756 -12.9378 -1.85835 0.247206 -4.76382 -8.21549 -6.80522 31.6166
-17.2322 -5.30518 -9.23063 -6.78053 -3.17633 -4.94763 -6.74925 -9.38333 -8.53146 4.54621 -7.80579 -3.75884 32.0813
-16.3938 -3.99928 -5.05616 -8.29784 -10.2933 -0.874706 -2.01078 -9.52402 -4.49906 1.90691 -11.1021 -10.018 32.6586
-17.7022 -7.62524 -7.00325 -7.61343 -8.17493 -7.29765 -6.11581 -2.7085 -0.195359 -4.78503 -11.1736 -7.0272 33.3396
-16.7027 -8.5567 -8.78761 -8.57535 -9.9456 -4.69437 -9.25645 -5.63054 -3.44469 -1.43633 -5.02891 -8.37311 32.885
-17.0442 -6.83711 -5.18579 -5.23432 -9.64155 -3.5478 -10.8485 -17.9331 -6.77536 -3.10696 -5.98374 -4.87515 34.4249
-15.5777 -6.36435 -6.67687 -6.25412 -7.73599 -2.71511 -8.49856 -8.8802 10.1577 1.40544 -6.29127 -5.36406 34.5474
-16.4367 -8.44238 -9.11142 -6.87772 -11.801 -7.31597 -10.8218 -8.98226 -0.195214 -1.81402 -5.9854 -3.40101 34.4089
-16.0316 -5.46066 -7.23664 -11.383 -4.61432 -0.213517 -8.29394 -12.8763 -2.08605 -1.99784 -11.3071 1.25091 34.7757
-16.7183 -8.24311 -5.62355 -5.22257 -10.2162 -4.01691 -7.67028 -16.2583 -5.0985 4.4729 -9.37645 1.7849 34.6523
-16.9176 -8.91645 -6.10289 -2.4034 -9.15131 -3.95679 -6.0061 -16.0494 -2.20886 6.95131 -3.38384 -3.44174 35.2434
-17.0115 -8.85728 -3.65269 -9.74488 -9.56776 -6.78529 -7.33869 -11.655 2.1778 2.94544 -6.56489 -4.70468 34.8633
