-12.1665 -7.48176 -10.5115 -5.07235 0.214659 -6.77997 5.18631 2.45878 4.85669 -1.68984 11.3323 7.03581 74.0535
-20.1827 -6.22653 -3.87557 -6.24852 -3.51781 0.617887 -0.249047 -0.535053 -2.34568 2.25001 3.26658 -1.04959 30.3955
-15.2916 0.233129 -3.18679 -0.312429 -5.64013 2.37071 6.52095 9.00701 -3.88635 -4.47583 -3.57723 3.74727 32.4218
-13.4367 0.459157 0.0409796 -2.36113 -4.63961 0.727412 3.559 7.54983 4.09543 2.95836 -6.46297 -3.18328 34.0237
-11.8444 0.187308 -1.2263 -3.11678 -7.37723 -1.261 7.30005 0.977611 -1.47333 -3.0083 -4.527 -0.95687 33.7947
-12.9172 -1.57238 -2.59305 1.70716 -2.20828 -4.6152 6.49439 1.79782 -6.64866 -4.54442 -1.27887 2.21978 32.8105
-12.9748 -4.47156 -5.68258 -3.33354 -6.7458 1.00188 7.5421 5.88878 1.31032 -1.90106 -6.79923 0.280574 32.5375
-13.4555 -2.31386 -0.612388 -4.07581 -8.63314 -3.94752 10.5414 3.59573 -0.404478 0.344725 -1.75493 3.9636 33.8412
-13.3087 -1.73895 -0.0772919 -3.08625 -3.11205 -3.30916 3.02668 1.30394 1.0978 0.443181 -8.82352 3.23954 33.787
-12.4831 0.0904418 -2.58874 -2.09325 -1.92179 1.12244 9.52789 -1.67302 -3.93216 -9.54059 -9.22316 0.797702 32.4577
-14.6091 -1.74701 -1.29081 -0.452422 -0.233128 2.72371 5.3721 4.58367 -6.17908 -5.30409 0.642039 -1.44158 32.2089
-12.8165 -0.726927 0.51985 -2.75329 -2.68774 -0.394489 8.00846 0.304283 -10.5735 -3.59417 -0.260953 4.43765 32.6093
-13.5519 -1.30844 -2.80864 -0.464567 -5.58693 -0.483161 15.1639 -0.559489 0.906854 -1.54404 -3.83428 2.41053 32.9498
-12.4915 0.814417 -2.45904 0.0800737 -2.82643 -4.45238 1.4043 2.68292 -1.95403 -6.02617 -4.73505 -0.44233 33.2876
-10.5438 1.24822 -3.73995 -6.19076 -5.14087 -0.199901 8.44461 1.642 -5.06356 -0.906685 -7.27127 -3.21956 33.4943
-13.3592 -2.29924 -3.74144 -1.89388 -2.27173 1.8575 9.18354 4.05528 -2.93392 2.74949 -3.70884 0.983041 32.3421
-12.3155 -1.82813 -3.6069 -3.60595 -1.22753 1.82485 5.46207 4.70737 1.62048 -3.84011 -6.43244 -3.21315 33.7102
-13.4108 -1.55659 0.329142 -0.489625 -5.10629 -2.23337 4.99799 -2.68754 -2.48993 -0.281284 0.190485 1.17397 32.9614
-14.3136 -1.02286 0.226387 -5.02616 -6.8104 -1.69277 7.5932 2.63457 -3.86692 3.64444 0.908921 2.94289 32.4951
-12.0129 0.508243 -1.36834 -1.90392 -4.78938 -3.61692 4.85308 -1.56004 -2.88965 -1.7635 -2.03377 4.8293 32.9608
-13.8026 -0.378961 -0.509524 -3.22809 -5.0586 -3.66904 8.29743 -2.61779 0.94978 -0.866099 -6.81906 4.46953 32.9057
-12.6684 -1.11709 -3.61114 -6.85229 -6.86667 5.6747 11.0776 0.959941 6.94593 -1.09571 -4.08146 -2.05116 32.3489
-14.4941 0.371331 -4.99604 -4.62013 -5.54979 -3.7139 12.6656 2.76209 4.03687 0.474823 0.772082 3.66732 31.2221
-13.2719 -0.680844 -3.86704 -4.12589 -5.38445 -3.31187 8.72254 0.332293 4.04172 3.25721 -3.14475 6.32601 31.9255
-13.1073 -1.77842 -5.46056 -2.16818 0.0427164 -3.14772 4.92657 -3.43913 -1.45936 -0.241599 3.29936 4.55316 31.7528
-14.5548 -0.986025 -3.79441 -2.67611 -6.30675 -1.2585 11.7492 2.28992 6.95588 0.770859 0.516301 2.22576 30.8354
-14.1229 0.0267294 -5.18988 -7.18371 -9.21956 -2.6066 9.63894 2.57712 2.44345 3.0851 3.07722 8.65369 32.1531
-13.2643 0.707887 -1.9372 -9.32537 -7.75558 -1.7556 7.62218 -0.684762 -4.25786 1.75348 8.2756 2.36051 32.6921
-13.4249 -0.810524 -1.09955 -2.16815 -9.10132 -6.2068 6.19934 5.36603 -2.40084 -2.52351 2.76021 8.96473 32.637
-12.3002 1.41678 -1.52727 -4.31882 -5.95449 -6.32866 11.6155 4.62207 -9.03877 -3.25761 -1.55012 1.69268 32.9429
-12.3785 0.749651 -2.74109 -3.80079 -8.06291 -8.41403 2.06076 2.18834 0.849207 0.652037 -4.73081 -0.853885 32.9778
-12.3571 2.28483 -2.00212 -2.04561 -4.69937 -1.21933 4.82601 -2.70227 -7.76081 -2.45166 2.92137 1.04953 32.6687
-12.8135 -0.151714 -1.70758 -3.10121 -2.0521 -2.93976 2.34848 7.21627 -0.297883 -3.69906 -4.59328 2.49067 32.282
-13.3424 -0.457418 -4.35504 -0.635239 -4.14335 -1.06852 10.9284 4.82115 -7.33896 2.81255 -4.07855 -0.453042 31.9593
-13.8366 -0.701152 -2.85088 0.446386 -0.870851 2.43094 14.5234 3.98449 -2.15204 0.195464 -9.47923 -3.93641 32.0909
-12.907 1.48415 0.559648 -0.560935 -9.67201 -2.48471 13.1158 -2.34547 -2.50823 -4.75448 -10.1088 -6.6989 33.3087
-11.7575 0.955289 -3.78342 -5.45005 1.38643 -1.75729 7.49847 0.251919 -7.48242 0.172198 -2.75643 -8.46777 33.0292
-13.6794 -1.43012 -1.19259 -1.43206 -3.20671 -3.85543 16.4775 3.95618 -1.15565 -0.952065 -4.31379 4.58579 31.3915
-12.3185 -2.32888 0.481229 -4.14819 -8.36696 -2.17272 10.466 2.86559 -4.37714 -3.08939 -3.5542 0.805109 33.1377
-5.71753 6.25945 -0.0759137 -10.7531 -10.8542 -8.61016 -4.33245 -7.80695 -12.0908 -3.39344 -0.869518 -4.33306 36.6436
-3.43321 8.35834 3.24225 -16.2681 -10.6952 -8.95779 -15.4187 -9.77934 -6.99583 2.31886 -6.02879 -12.3152 43.1247
-3.57464 10.2453 -0.221377 -21.5292 -6.62757 -11.0669 -14.2845 -5.57755 -9.50925 0.122961 -0.042077 -2.22178 44.8159
-4.57139 9.08484 1.02092 -21.2464 -3.40451 -14.7108 -16.7779 -7.38547 -7.7978 1.82675 3.10834 -2.98091 47.3623
-7.48024 9.1708 1.69565 -22.2636 -3.43828 -14.4185 -20.0167 -7.66753 -7.46622 1.5689 7.29085 -7.44179 50.5597
-7.77942 9.50274 1.1697 -25.9849 -2.42162 -13.9853 -17.3834 -4.26777 -4.77752 -2.18824 6.50883 -5.14644 52.1136
-7.45028 7.23086 0.0101493 -26.2072 -3.92712 -16.3801 -15.9973 -0.411106 -4.55901 -2.34284 3.40081 -2.99185 53.5415
-6.87358 4.64898 0.697536 -27.7268 -5.67358 -21.1928 -10.0971 -2.11595 -0.838869 -3.5408 2.03604 -5.37925 54.8854
-6.36692 6.30647 -3.45657 -27.5671 -4.81321 -17.0257 -9.57923 -1.82988 1.99446 1.09413 -2.34663 -3.32531 56.27
-6.36581 5.43422 -2.92508 -29.8347 -7.4749 -9.58807 -14.8734 1.74348 6.68371 2.45228 -5.55183 -6.48361 57.0882
-5.4915 1.82559 -3.71786 -32.8477 -7.39136 -8.43514 -11.2945 1.96537 4.43359 -2.25787 -9.15726 -1.57975 57.6698
-6.45859 0.557111 -3.38822 -32.2728 -8.10475 -7.45471 -5.10883 3.55183 -0.782479 -6.99541 -7.1617 5.1361 58.7821
-7.41126 -1.20677 -3.43459 -28.6319 -10.5704 -3.19322 -2.28159 1.71009 -0.818985 -7.14601 -11.1397 9.65424 60.3088
-7.40573 -4.77174 -2.82219 -28.7726 -12.9312 -1.59877 -2.13365 -1.22638 -0.209758 -9.81242 -15.1616 9.03201 60.7526
-6.8206 -7.07174 -4.87913 -27.3314 -10.4429 1.20876 -1.41232 -5.1953 -4.17668 -6.48727 -13.8187 8.80947 61.1547
-6.59811 -8.73943 -4.69142 -24.5208 -8.77047 1.17132 3.76206 -12.4216 -6.54165 -2.3641 -11.3856 7.39084 60.8982
-6.35464 -11.0754 -4.86564 -18.406 -9.60961 -1.9467 1.44849 -11.5281 -9.48042 2.30002 -13.1304 7.70992 60.6867
-6.23468 -13.136 -6.93476 -16.4164 -8.11219 -4.70107 1.98372 -18.1321 -8.7576 2.7202 -10.5195 1.9084 60.8918
-5.25339 -13.7521 -6.93326 -14.2416 -4.53714 -6.65789 4.75362 -17.8217 -12.137 6.22015 -6.00403 -0.678058 60.4621
-3.3398 -15.8464 -5.96479 -14.3151 -2.55457 -8.82231 6.91112 -17.1137 -15.2922 4.83112 -4.94078 1.15198 59.3867
-2.84124 -15.8847 -7.32411 -12.6055 -5.34381 -9.41822 10.1914 -17.8111 -15.6603 -1.54978 -3.44036 4.34796 58.2221
-2.03006 -13.9184 -10.0229 -8.02167 -7.7174 -7.91503 9.23282 -13.7342 -17.377 -2.2817 -2.86801 3.17855 56.9158
-2.5492 -11.7997 -9.1295 -8.63988 -6.52667 -9.02063 7.37711 -11.4049 -14.236 -5.72197 -1.20603 2.0596 55.9822
-0.972017 -11.1794 -9.8964 -7.87982 -8.40483 -9.78213 5.81324 -12.6698 -12.5733 -4.22606 -5.90121 -0.963639 53.1537
-0.46854 -7.51282 -9.99986 -6.55668 -8.42597 -5.36781 2.68251 -8.77465 -11.7061 -0.859407 -9.50123 -4.24892 48.551
-2.3192 -2.87404 -5.11837 -7.05433 -9.20853 -2.96987 -0.924484 -9.59835 -7.12179 -0.0483002 -7.34167 -2.08143 43.8192
-6.28152 -1.77662 -7.09038 -12.1728 -5.01842 2.90452 -1.01266 -8.06673 -0.758437 -4.35596 -4.65422 2.42264 44.6083
-6.52068 -0.912839 -1.95503 -7.18934 -2.30868 -1.94156 -6.92753 -7.9252 -2.06969 1.01942 -1.25235 0.90416 45.3819
-10.289 -5.04968 -0.147265 -2.9636 -4.19417 -8.36958 -5.94781 -1.54883 4.45674 -13.4531 -3.4995 -0.798785 44.2276
-14.7907 -7.04522 -0.989971 -2.17613 1.2687 -0.164406 -3.78519 -7.65501 -6.05245 -13.8651 -11.9053 -4.10911 42.4103
-14.9911 -8.33335 -5.73622 -6.51255 0.611662 2.89752 -2.24248 -4.50369 -5.39538 -0.303416 -5.80937 -5.92089 42.6154
-14.6271 -7.38144 -6.16394 -0.468984 -2.12838 1.54076 3.3813 -2.06318 -4.12855 -9.07136 -9.82299 -3.3855 42.6108
-14.8753 -6.27111 -4.08385 -4.97343 -0.405186 6.09944 -3.88269 -2.55751 0.442112 -7.39382 -5.19138 -4.09607 41.1714
-14.6067 -8.00634 -6.59038 -1.33656 -0.00472511 -0.160633 -2.48525 -2.97025 -2.23225 -6.46762 0.936879 -3.97477 41.9429
-15.3203 -5.27151 -4.33329 -7.98872 -0.356552 0.84697 0.698097 -5.81891 -0.761064 -3.25838 0.763652 -7.85781 41.5346
-16.0787 -7.37603 -1.91466 -3.38297 -5.59453 -3.67201 3.92911 3.48615 -4.39211 -3.34502 0.364978 -3.72945 42.0821
-16.3348 -10.5818 -4.08682 -5.05708 -1.22921 -2.1458 -2.45943 -3.02204 -3.30712 -2.32275 -7.43056 4.2436 42.383
-15.3699 -10.2185 -6.52594 -5.84568 3.84499 1.78274 -5.763 -8.90355 -2.99129 -0.652365 -3.93985 6.74423 42.2177
-15.8322 -9.43701 -6.11282 -5.19543 -1.3206 1.52551 4.5184 -0.919098 4.3759 2.6852 -7.86559 -4.94942 43.0941
-14.6598 -10.4383 -6.11959 -0.775007 -0.616602 -2.55332 -1.54102 1.10035 6.35228 -3.01064 -0.60836 -6.10022 42.1305
-16.3942 -9.57551 -9.55848 -2.86309 -2.26602 -1.34106 4.96867 3.62012 0.461431 -7.52878 -0.561044 3.76501 41.5247
-13.5118 -7.46105 -10.1399 -0.35047 1.54439 3.22533 -6.53708 -8.07091 0.292003 0.0172291 5.25256 -5.42337 40.8863
-13.01 -8.16649 -10.1301 -0.897148 0.885254 0.791589 5.59866 0.616051 -0.733547 -6.41308 -4.60639 -2.2502 39.5901
-14.2238 -8.57448 -9.34168 -2.22392 -0.77019 -0.0998956 3.15651 0.73847 -2.27459 -0.974127 3.82671 -5.27898 40.5951
-15.5789 -8.02858 -6.04876 -3.21988 -7.29825 -1.16904 4.66338 -1.84652 4.82109 -4.94133 -8.0939 -2.01174 39.6558
-15.562 -6.72835 -10.4539 -6.41476 -3.62074 -1.61471 -1.15847 -5.86253 10.0079 1.33452 -0.496998 1.9402 40.8609
-12.4749 -8.97967 -5.81309 -2.64653 -4.68828 -1.32061 -2.91331 -9.75682 4.85696 -1.12948 -5.88662 5.1451 42.8552
-9.52565 -1.5129 -1.27052 -5.35604 1.56337 4.60281 -8.27364 -11.1186 -1.61551 -1.8491 -7.10588 -0.401112 41.8771
-8.60964 -1.48477 3.44676 -6.11552 -6.36253 8.38702 -3.60201 -8.04903 6.27889 -1.78494 -7.41822 -4.90417 41.2307
-9.95286 -4.3473 -0.801765 -9.26709 -2.09575 7.54133 10.8315 -6.25819 2.31248 1.32424 -4.74698 0.0947596 38.6673
-12.7072 -7.00714 0.275833 -8.39851 -6.65195 1.23903 0.748728 -13.5173 6.78102 3.45587 -6.70482 1.214 38.686
-9.96907 -3.98843 2.03176 -6.02011 -9.59873 -7.09969 -4.35193 -8.16822 -0.756934 4.59055 -0.434383 -2.17032 38.5803
-8.88345 -4.57841 -0.749912 -3.87271 -2.18646 -1.09258 -0.586651 -10.8855 3.74373 -4.3224 -9.95091 -2.32394 38.3833
-8.85715 -5.22865 -2.06208 -8.71202 -5.82181 -0.812465 -2.52598 -14.6366 1.52771 2.79857 -7.69946 3.98787 38.4613
-6.76377 -4.89423 -1.78517 -5.68127 -8.56917 3.5436 -0.478816 -14.3549 2.79611 1.71831 -14.9537 -3.1986 39.2183
-9.16504 -5.42535 0.555835 -3.30021 -4.50815 0.470254 -7.70559 -13.0288 1.08275 1.67197 -6.52362 2.51997 37.5396
-7.44536 -0.450872 2.07602 -7.19395 -6.45877 -1.5977 -8.49165 -7.36066 0.325203 1.76723 -14.564 -1.86557 38.1341
-9.71345 -2.64517 2.52598 -2.1955 -3.35673 -1.62534 -1.87048 -12.2106 -3.70916 3.87566 -9.6787 -1.87633 37.2674
-11.8567 -4.78455 -3.6543 -4.8434 -4.72398 -1.81285 2.2664 -7.74591 -1.53851 1.32228 -5.02366 3.23647 35.8237
-13.367 -3.92754 -4.30353 -0.837288 -5.78057 -1.60018 -2.09293 -12.6598 -0.773254 5.97624 3.69767 12.0065 36.1885
-12.1103 -3.30822 0.222845 -3.60125 -10.0717 1.0206 5.71864 -8.67187 -1.74232 2.72883 -1.03508 2.17767 35.3765
-12.3864 -4.83751 -3.07436 -3.24858 0.596212 -3.52126 -0.0739261 -7.50374 -8.3226 5.60491 0.796786 -1.61113 34.4794
-9.82743 -3.74933 -4.40384 -5.39092 -8.14266 -6.53822 -0.766318 -1.35854 -6.65695 2.46954 1.08299 5.13105 35.4259
-13.0429 -2.85242 -2.49051 -4.18744 -4.47631 -1.42179 4.1141 -2.18817 -7.1558 5.23876 0.842597 6.67465 33.5261
-12.7934 -1.36579 -1.67872 -2.81099 -4.08047 -3.26408 1.07501 -5.48162 -1.35289 9.5517 0.913634 5.99939 32.9513
-12.3577 -0.846498 -4.48228 -2.98646 -7.75616 -5.13265 10.5503 1.93414 1.35144 6.18911 -3.21473 5.7004 33.5099
-12.2133 -1.03281 -1.83349 -2.14309 -1.34877 -1.71255 4.24451 -3.00123 -3.51468 1.531 -1.69198 4.44972 34.0402
-13.2232 -1.50655 -1.46925 2.44185 -1.74625 1.59588 1.19157 -10.6102 -6.23146 3.88129 -0.313964 -0.0102374 33.5794
-12.5738 -2.19162 -2.88111 2.41183 -5.10114 -1.25842 2.67586 -13.0509 -4.7075 0.157903 -3.18271 8.36393 33.2555
-12.0402 -2.12335 0.721798 -2.22804 -1.39101 -0.00813827 2.92367 -9.43847 -5.90904 3.25836 -3.3465 -4.69823 34.0438
-10.1378 -0.0150126 -6.63053 0.299487 -2.84941 -2.63995 1.78258 -5.34033 -0.339261 0.122471 -9.09398 -10.5676 34.8533
-11.2616 -0.630328 -6.8979 -1.86711 4.4637 0.918256 3.76111 -3.19035 -6.93053 3.10431 -0.238337 -3.92531 34.3598
-13.7112 -3.35479 -1.90437 -0.901201 5.92191 0.425692 5.12303 -6.58378 -4.80412 5.81246 2.07622 1.39541 32.5462
-11.8952 -3.06193 -1.71435 0.865991 -2.19815 -2.96237 8.49588 -8.77548 -4.45188 0.399509 2.35541 -3.20221 32.8842
-10.7404 -2.12574 -4.82216 -3.68013 -3.50515 -3.85116 0.76196 -2.60669 -6.74679 -1.13161 0.797785 1.44435 34.4357
-11.679 1.01841 -0.903949 -1.89212 -5.86191 -5.50285 2.21464 -5.31508 -9.99225 -2.67838 -1.90711 1.51512 33.4387
-10.8885 1.90523 0.146781 -1.15185 -10.0433 -12.3806 2.41269 -1.37181 -7.38904 -1.3301 -2.49021 6.94399 33.5077
-11.8867 3.43296 -0.404357 -1.99129 -2.38995 -3.85199 2.93453 -7.06028 -9.23973 -4.00358 -3.42756 2.18498 33.703
-11.2102 0.0819421 -3.19885 -3.97395 -5.33567 -6.45507 6.20207 -5.33325 -9.19421 4.14122 0.211358 -1.57843 34.1785
-11.5443 0.379037 -5.29332 -1.11507 -3.87513 -0.0553475 4.44032 -5.56707 -5.03721 1.98285 -9.99993 2.3975 33.7297
-12.1263 0.391273 -3.44691 1.26262 -4.49924 -4.31343 4.39164 -2.89989 -5.62203 -3.73397 -4.03821 -1.66358 33.6439
-10.865 0.904365 0.100732 -2.82925 -3.16396 -6.34731 -3.39163 -6.01112 -8.89926 0.766868 -4.29595 1.338 33.6646
-9.76818 2.64904 -4.37417 -2.20415 -5.79221 -1.99145 2.59034 -8.07968 -6.97632 -1.59845 0.860803 3.76509 33.6357
