-12.1657 -7.47837 -10.5109 -5.06714 0.212914 -6.77694 5.18173 2.45648 4.85228 -1.69756 11.3352 7.02892 74.0541
-19.1111 -7.27714 -5.58486 -2.69225 1.29034 5.66492 2.66369 -0.97956 -5.51767 -1.48565 5.78185 2.19705 32.3437
-14.1391 -0.966226 2.58594 -0.0938727 -4.94364 2.90247 7.75032 2.06836 -6.29831 -1.17297 1.3956 -3.09949 33.8388
-16.9885 -4.45904 -1.59072 2.16402 -1.23248 -0.68351 15.6611 8.31638 -7.03764 2.40134 -1.19329 -2.32167 30.1879
-16.2736 -3.01886 -2.26375 8.94997 -1.12126 -4.81009 14.0678 6.4552 -11.4399 0.0758323 -0.509229 1.14314 29.9012
-16.7782 -3.65526 -3.88289 -0.711292 -0.63186 -0.616116 10.0395 5.51052 -8.83111 6.37055 -0.641509 0.0646855 31.2278
-17.322 -2.97505 -2.95421 0.558544 2.10971 4.36097 14.1663 1.56365 -9.37078 2.18966 2.71319 -1.73809 30.0702
-16.6358 -3.08107 -0.551712 3.85413 2.583 -0.442879 7.50696 3.39524 -4.94146 -1.04145 1.00896 1.67879 31.3261
-17.4535 -1.8894 -1.91627 6.74325 0.616907 -1.53177 8.93825 -0.335395 -2.51631 0.126319 0.322125 0.0521084 30.2567
-17.6817 -3.67829 -7.02216 4.88203 -1.48291 8.49184 12.792 0.45806 -8.00993 1.50193 0.595535 0.018045 30.0956
-17.0466 -1.08883 -2.24504 3.6436 -2.03534 0.707885 12.2528 -2.53706 -6.51489 -0.117498 -0.701044 6.21865 30.8759
-17.6966 1.11942 2.997 -0.98575 -4.91415 0.402823 11.5772 -1.52004 -11.7125 -4.26533 2.00602 2.59934 30.1645
-17.0584 -4.02578 -0.138755 3.46003 -1.96845 0.449245 9.53027 -1.80773 -0.921699 3.67398 -2.02022 -1.23597 30.9657
-16.556 -3.38565 1.41106 3.10981 -2.87591 0.655402 10.9566 2.45134 -5.78614 4.73652 -2.8086 -0.51087 30.1
-17.4096 -3.04473 0.134571 5.43497 -0.699595 -3.96713 10.6904 0.928682 -3.5137 0.365891 -3.77616 2.48491 30.2559
-16.9186 -2.13165 -3.81409 1.27546 -2.60211 -3.52357 12.2401 1.58355 -5.25756 4.67152 10.3068 -6.53323 30.2806
-16.4464 -2.04585 -1.9586 3.68923 4.40993 -2.01524 11.8954 4.26735 -12.511 -6.9374 3.72652 -4.03194 30.7099
-17.5621 -3.40593 -0.748169 5.94952 3.42064 0.672214 7.74546 5.20392 -8.47027 -2.29026 -2.35454 -3.63757 30.2656
-16.1455 -1.00054 -2.39009 6.46024 -1.40488 0.874321 12.6749 -3.28233 -7.8997 3.68192 0.600707 -4.89529 29.6047
-15.8741 -1.5436 -2.50935 3.93183 0.125634 2.79664 11.9955 -2.60416 -6.27257 1.18937 -0.222838 2.76275 30.3149
-16.6951 -2.43037 0.47591 5.09618 -3.52848 -1.84048 11.5031 -1.03437 -8.8513 -3.34977 -6.94621 -1.51525 30.8691
-15.8831 -3.71576 -1.56135 4.20493 -0.655692 0.00835998 8.80747 -1.38724 -7.73887 -2.39214 -2.41192 2.8404 31.5904
-17.7393 0.0563184 -1.73369 1.53805 -3.57397 2.41056 7.58072 2.15271 -2.92778 7.33785 0.58515 0.985467 30.5108
-17.4863 -0.0845528 3.04703 7.20511 -1.76324 0.869965 10.8185 -1.19566 -3.41478 0.255197 -9.32151 2.91325 30.3277
-17.5256 -1.85392 -0.698479 0.627895 -4.20045 -1.03835 11.4386 7.24649 -1.05305 -0.827148 -1.47657 1.14822 30.4895
-17.152 -3.72046 -7.80438 -0.371389 3.51015 2.61591 11.8017 1.98991 -4.4483 -0.849451 4.52825 3.49097 30.8305
-15.9133 -3.29526 -4.43486 7.26343 -0.274698 0.678411 13.7446 1.80233 -8.40287 -3.69263 -1.02866 -1.85058 31.2201
-17.3533 -2.65096 -0.219889 4.09736 -0.970179 -3.82071 7.87184 -2.43977 -9.39277 -0.646739 -1.77159 0.0160455 31.219
-16.092 0.588098 -1.87519 -4.40817 -8.00216 -3.61707 15.0807 6.48455 2.5571 -0.489649 -3.61808 -0.141534 30.8261
-13.0862 2.53868 0.417419 1.39851 -3.40846 -10.619 3.96946 -3.64669 -8.44717 -0.409534 -0.600189 -2.02957 32.5849
-8.53228 5.73341 5.25378 4.80764 -3.48661 -13.7122 -5.01151 -9.25156 -15.6613 -2.40604 -8.5694 -2.85172 35.089
-4.03455 8.05082 1.01309 -5.29802 -17.9033 -19.2413 -13.9729 -8.76772 0.492612 -2.2241 -2.61366 5.83458 38.3011
-4.26772 7.17595 0.17636 -12.8692 -22.3483 -30.4893 -23.5793 -5.82154 -0.812195 -6.82451 -2.44241 5.88384 43.2975
-5.23334 6.94085 -1.17766 -12.6893 -19.4052 -26.0188 -20.5597 -13.2411 -10.7883 -6.28902 -3.02346 5.24874 42.6316
-4.75017 5.99199 -2.66186 -16.5107 -25.5025 -24.6283 -19.364 -14.5189 -7.55663 -8.15539 -6.25002 1.25616 45.932
-4.90061 7.15561 -4.21431 -11.2528 -20.2376 -21.558 -8.121 -19.2905 -8.61999 -12.9002 -6.44621 1.69092 47.5456
-4.1306 5.1194 -7.20625 -11.1429 -16.7033 -18.6477 -13.5479 -13.9592 -9.68438 -12.1 -11.7265 -1.73237 47.9023
-2.75847 4.24168 -7.83787 -12.8292 -17.9562 -18.0318 -11.152 -16.641 -9.81423 -14.1882 -9.93428 -6.9633 48.2585
-2.09852 6.33175 -13.4431 -12.7847 -13.8424 -17.9466 -10.4954 -13.1151 -7.69386 -11.7421 -7.64555 -8.47422 49.2427
-3.21069 3.83692 -13.2912 -20.5618 -12.6273 -18.8469 -5.10332 -15.595 0.989179 -10.9899 -12.4291 -5.7538 51.9833
-4.38697 3.73767 -16.4486 -21.9126 -6.4002 -18.5403 3.98056 -8.55683 -0.198368 -7.75503 -12.8038 -15.0195 54.2707
-6.53147 1.77903 -23.0278 -25.3998 -3.47527 -14.3956 -0.281228 -3.27347 0.127806 -8.67216 -17.9758 -14.9564 57.1665
-8.72148 -3.42246 -20.1383 -26.281 1.75372 -11.0872 -0.196816 -7.60576 -5.04369 -9.95356 -14.6277 -15.644 58.0509
-7.99502 -4.97941 -17.8606 -25.2809 9.4455 -8.10991 3.5182 -9.20531 -2.08487 -10.12 -4.02442 -7.80967 60.1191
-8.78114 -9.06177 -17.7725 -26.6788 8.70422 -4.0773 -0.971512 -13.9128 -7.93797 -11.1494 -1.06962 -6.25512 60.4929
-7.67146 -9.829 -15.5414 -22.4337 11.2177 0.209756 -4.58018 -10.1489 -4.88948 -12.0477 1.97088 -7.05092 60.8079
-9.06357 -14.7457 -14.054 -24.7734 6.42136 -6.96554 -12.0702 -15.282 -3.15284 -14.105 -1.15266 -15.0074 59.6201
-8.02736 -13.3945 -12.1444 -18.4729 10.7821 -1.20002 -13.962 -11.1528 -0.00244121 -8.31101 0.707738 -10.2112 60.3547
-9.2428 -16.6588 -12.0933 -19.1453 8.03649 -2.82117 -17.4892 -16.572 1.25944 -8.13469 1.56505 -11.6287 60.4717
-10.445 -17.4884 -10.642 -20.59 9.51271 -6.34602 -19.3212 -18.0705 1.72453 -7.11211 -1.19961 -11.2536 60.3054
-9.18188 -15.3421 -7.19026 -14.3663 9.98824 -0.960097 -15.1031 -12.7042 7.99957 -3.07948 3.60289 -4.59788 60.8289
-7.8136 -15.4842 -9.29728 -15.793 10.1207 -0.42165 -16.4831 -13.3528 10.4722 -1.6018 3.2712 -3.19029 58.9559
-6.50008 -18.9875 -14.1678 -16.7252 5.16291 -2.55558 -23.0376 -13.1299 2.41552 -5.12823 -4.9922 -7.02785 56.9064
-5.73182 -15.0065 -13.7104 -18.3962 5.86766 -2.74383 -20.964 -14.8317 -0.595028 -6.8725 0.444785 -9.12989 54.6385
-3.66818 -14.0671 -13.6323 -18.3185 -0.32354 0.647677 -25.7307 -15.8708 -1.56594 -5.14627 -0.665646 -9.03467 53.053
-4.78617 -7.44338 -9.10983 -17.1692 4.00563 -6.29872 -22.3567 -21.942 3.25593 -2.78749 1.68334 -9.2464 49.1027
-6.51656 -4.96484 -9.35771 -19.4838 6.29074 -7.86102 -28.73 -23.2719 6.95372 -14.087 -0.324061 -15.289 47.565
-6.62615 -4.08278 -10.9803 -19.6609 4.83868 4.35964 -22.5608 -19.9116 1.26657 -13.521 -3.07135 -9.61174 46.1385
-8.0132 -5.61322 -8.87889 -10.9393 5.72266 -1.33714 -18.8107 -9.9024 -2.57379 -18.9651 -2.03108 -7.24805 43.0144
-10.5473 -6.61155 -9.82086 -11.3321 4.49145 -3.28861 -3.51996 0.492053 -2.80922 -7.95158 -3.96748 -5.17843 40.7027
-11.9034 -6.1213 -6.57036 -3.90534 4.841 -5.98903 -7.03143 -2.67072 -3.17123 -2.66692 4.50018 -3.88222 41.1285
-13.7904 -7.93907 -7.6505 -5.65172 2.07059 -9.71952 -5.52196 -1.62198 1.41789 -5.02057 1.21038 -10.3625 41.8083
-14.8003 -6.9789 -2.96745 -1.11248 6.31498 -0.783342 -8.86551 -5.76618 3.82318 -7.97978 7.18969 -13.1737 42.4298
-17.3264 -8.90407 -4.36876 -6.58491 7.2706 0.357715 -1.39811 -3.46273 2.17134 -3.64169 5.05872 -5.83887 42.0588
-16.2485 -9.38384 -6.9498 -8.63468 3.05728 -4.36953 -5.81273 -3.78799 3.90672 1.25685 6.59734 -8.68967 41.6979
-13.0946 -8.77382 -9.12243 -8.79084 3.62302 -7.2539 -8.09183 -1.69308 6.67313 -5.54544 1.32213 -2.63269 43.6209
-15.47 -8.50412 -7.38329 -8.65225 4.62955 3.91361 3.97349 0.494521 6.22643 -5.82996 -4.48916 -3.06931 38.86
-19.2202 -9.36961 -8.74679 -2.94334 2.81868 -0.241366 7.76463 7.1617 4.77728 1.81639 2.91963 -1.0566 36.3041
-19.2851 -7.56266 -4.03326 -6.95964 4.05324 -0.406988 6.95752 2.11881 3.02359 -2.56162 8.72426 -0.402986 36.9354
-19.2089 -3.85164 -2.62073 -2.5564 6.57414 -1.30625 0.0113747 -2.10411 2.59006 6.23543 8.76471 -3.48377 36.0011
-16.9953 -4.13078 -3.80975 -5.49052 3.3334 -5.78069 5.0884 0.890354 3.87839 -4.01704 3.25618 -2.52192 37.0695
-13.938 -2.92099 -2.22835 -11.7348 -2.30007 -17.0196 -4.33371 1.16186 0.291473 -6.694 2.15616 4.32063 39.6175
-17.0386 -3.62054 -2.11629 -5.96143 -0.276003 -5.20181 -6.13782 -7.1322 -0.11364 8.48843 13.3876 -2.49998 36.8682
-18.2372 -3.88305 -3.78203 -8.00225 6.84892 -0.097839 11.165 -0.74134 0.649708 -2.11659 8.25852 -5.45417 35.0201
-18.5907 -6.45667 -3.72219 -3.83735 2.73427 -0.607516 0.898994 1.9188 -1.29179 0.40314 12.9321 1.22706 35.2397
-18.0691 -6.59215 -3.79755 -5.69183 1.0427 -1.52565 -0.846221 1.08707 3.18784 -3.2086 7.48286 -0.446524 37.2668
-18.8214 -10.9031 -4.7394 -5.06283 5.93387 1.4765 0.698286 -3.37855 0.29884 -0.150526 4.71359 -0.841777 36.7733
-19.3077 -9.38888 -2.36487 -7.98503 -0.168741 -4.66209 2.83966 0.265689 10.8028 -0.37085 4.99431 -4.50635 36.6808
-18.6438 -3.67687 -3.66877 -10.3852 -2.03335 -0.981835 8.13926 4.13537 9.2302 -12.7263 9.17064 5.28059 36.059
-17.1091 -6.65603 -6.50733 -7.88195 3.46987 2.14828 -5.47732 -2.85348 5.27748 -7.94133 4.70137 4.07883 37.1778
-14.1787 -5.3045 -3.74258 -4.78456 0.116925 -7.7499 -14.5678 -4.66034 6.90396 -7.49759 11.159 1.25605 38.9659
-15.562 -3.65276 -0.400226 -2.26207 0.17967 -8.73458 -8.36333 -0.141004 7.08869 -5.31882 2.8908 -3.07422 37.1819
-15.5513 -7.68035 -5.73018 -6.27243 -1.24609 -8.18422 -3.98804 -1.7869 14.0126 7.86698 9.17714 -2.67134 36.0593
-14.3711 -6.32359 -4.68375 -6.09326 -3.38382 1.15727 2.33239 6.5472 7.83279 3.22358 2.19522 0.198939 34.959
-12.1215 -4.31307 -3.40427 -6.16447 -5.50152 0.914403 -6.75024 -1.9227 3.27679 5.2993 1.69205 -0.00773243 36.0371
-9.18342 -1.92733 -4.48303 -7.7238 -3.32361 -1.11504 -1.18506 -11.1596 -4.85515 -4.3297 -8.73772 -2.71827 36.8716
-9.63005 -1.54896 0.722909 -0.836831 -2.33947 -8.55005 -8.32373 -9.27464 -6.47011 -7.31833 -5.91977 -4.3357 37.0275
-8.59616 0.429801 -0.324583 -2.20222 -3.66213 -9.62425 -8.9389 -9.91039 -3.16723 -0.666515 1.35249 0.238058 35.97
-6.62161 3.56057 2.82689 -0.450252 -8.11777 -15.9075 -14.6602 -12.1224 1.97239 -0.538446 -5.62819 -1.57526 36.2563
-10.5389 2.43105 3.12772 6.00847 -0.403451 -9.03581 -11.7123 -8.94625 -3.71635 -3.93802 -5.44435 4.11214 35.3376
-10.9417 0.323637 -0.505451 -1.97637 -4.3531 0.569037 1.43135 -8.36281 -10.9152 1.31577 -1.33283 -1.46593 34.5048
-10.8897 2.10722 -0.185465 3.39225 -2.66312 -8.21805 -3.11963 -9.17368 -8.02269 5.09847 0.938461 -2.31031 33.6996
-11.0334 0.910866 -2.73175 0.243019 -9.12676 -7.63194 1.61241 -3.43377 0.702331 2.90736 -5.76767 -4.34152 34.5756
-2.22759 4.70189 -5.51691 -12.5197 -13.633 -12.1286 -4.56296 -4.62615 -5.27831 -8.85396 -5.65096 -4.16559 39.6572
-3.69397 3.80285 1.00107 -5.20317 -11.4708 -13.7169 -2.01209 -7.52047 -6.35673 -6.83447 -4.26752 -2.26503 38.1067
-5.44018 8.04189 3.49923 3.58712 -12.8765 -7.7533 1.4897 -4.38497 -6.26705 -6.39047 -3.40007 -2.51519 36.1428
-6.3228 9.27474 6.814 3.22471 -6.34297 -11.7352 -5.81284 -7.48945 -9.62746 -8.5459 -5.63302 -2.65854 36.0157
-10.0992 6.12994 5.2518 4.33799 -9.36065 -8.1828 5.49667 -7.3651 -16.2899 -8.29668 -8.79377 -3.96825 33.9882
-11.5624 3.92101 2.46087 -1.64255 -12.2404 -7.05071 2.70988 1.93395 -11.9823 4.54634 6.79444 3.83031 32.8114
-10.7381 3.28953 -0.510078 -4.94207 -10.0709 -4.46057 1.94627 -1.21211 -7.7456 -1.70723 2.57359 -1.1366 33.5567
-8.60228 6.31775 0.929987 -1.78454 -11.3394 -16.9079 -4.74247 -5.97729 -5.46899 7.72087 -0.251617 -3.16156 34.9305
-9.23799 2.66738 -0.573328 2.11578 -4.11119 -8.96849 -0.539324 -11.3138 -12.6563 -2.01686 -7.46957 0.940259 35.3476
-9.95082 3.51681 2.4459 3.96362 -1.2655 -7.62826 -2.80235 -8.81377 -17.7542 -0.203734 -3.22873 0.639589 33.3333
-14.3972 -0.278825 4.16315 5.40095 0.625984 1.33361 9.29444 -11.3258 -10.3335 -0.461361 0.863109 4.18072 31.7509
-13.3438 0.867417 1.11698 4.08125 -0.47639 -1.56437 5.17582 -5.41294 -3.65348 -6.58964 -3.66624 1.20173 32.5462
-12.758 1.02152 -0.897845 1.42374 -4.47613 -3.61954 3.668 -3.94031 -0.318461 3.70973 -6.82433 -1.94036 32.5186
-13.3369 3.14844 2.03274 0.594525 -6.31417 -7.0598 8.23065 -4.59649 -10.9203 0.396224 -5.85352 -5.91615 32.9969
-12.0578 2.42536 3.84909 -0.522211 -3.9381 -1.11065 -1.97407 -3.14878 -12.1308 -9.6971 -5.71161 -3.98968 33.3885
-15.9923 -3.32626 0.462645 3.78275 5.00898 0.147338 9.87737 1.41272 -4.12029 1.12643 1.23765 2.14406 31.1922
-16.408 -1.97591 -3.58113 2.67957 -3.92008 -1.55098 12.7462 -4.2929 -6.4951 2.99237 4.626 3.13462 30.2714
-18.034 -2.75728 0.971747 1.02711 -0.406843 1.84576 13.8491 2.0732 -5.87725 0.3063 0.49952 0.312927 29.6014
-11.404 2.00034 -2.02853 2.25388 -7.14061 -9.57597 2.10577 -4.68838 -8.04359 -3.92383 -0.957718 5.96014 33.4037
-9.90869 3.44783 1.63105 3.87855 -6.36895 -9.92157 -0.00783515 -9.33854 -7.39619 -9.35567 -2.00832 4.0088 34.581
-13.9393 1.37901 4.99157 7.05399 -1.8527 -4.5448 0.438459 -0.245783 -6.56873 -12.4716 -5.51181 -5.10591 32.2853
-15.9199 -1.16943 2.88537 3.74622 1.98135 -0.263 3.85565 0.937072 -5.87181 1.32332 -4.66281 -4.09975 31.5052
