-12.1653 -7.47779 -10.5104 -5.06658 0.212292 -6.77564 5.17963 2.45526 4.85026 -1.69674 11.3308 7.02729 74.0542
0 0 0 0 0 0 0 0 0 0 0 0 0
0 0 0 0 0 0 0 0 0 0 0 0 0
0 0 0 0 0 0 0 0 0 0 0 0 0
0 0 0 0 0 0 0 0 0 0 0 0 0
0 0 0 0 0 0 0 0 0 0 0 0 0
0 0 0 0 0 0 0 0 0 0 0 0 0
-13.0939 -4.125 0.225131 0.108651 1.94742 1.08666 1.35068 0.341016 0.116461 -0.437393 -0.471765 -0.538307 11.2833
-15.5005 -8.5126 -7.35394 -4.33791 6.3785 -2.56293 1.60069 3.75037 2.07336 13.3053 -1.83495 11.7013 31.3923
-15.4093 -9.10339 -9.77765 -7.52879 -0.774501 0.884118 2.80322 -2.4991 5.83153 -0.222246 -6.48756 0.335217 36.3954
-16.5349 -9.58884 -12.8712 -11.9022 -3.6761 -4.99431 2.77062 3.66225 3.9178 1.65475 2.47317 -1.78135 36.1462
-16.2435 -8.17409 -11.9587 -13.2589 -5.50302 -5.52714 6.78895 0.224429 7.94654 8.70894 1.36356 0.7367 36.2582
-14.3437 -6.13684 -11.2509 -8.32679 -0.193533 -4.05933 4.67135 2.89618 2.17405 -4.44428 2.77993 -4.67998 36.0194
-16.5577 -4.80642 -7.83983 -7.36415 -1.15778 -4.78065 7.99403 4.41989 -1.18731 -1.15215 2.42888 -0.689724 36.2836
-15.5837 -7.53525 -6.57294 -8.15604 -2.05245 0.36775 7.04972 0.0618622 1.33799 -2.51178 1.16762 5.32046 37.3019
-14.9982 -4.13225 -5.86511 -7.4481 -3.12685 -12.6881 1.25891 2.43019 -4.96552 -0.160377 6.55778 3.0769 36.1334
-14.4598 -6.52419 -7.12752 -7.51197 0.860486 -5.68176 2.5311 -0.266403 -5.99313 -6.16523 -2.28328 5.05248 36.6413
-14.6301 -6.81364 -6.18574 -11.3573 -3.29445 -9.09534 1.63136 6.36717 9.44934 0.826993 -4.49615 1.12116 36.2788
-13.7912 -5.11198 -8.83717 -13.8929 -3.3971 -5.03141 7.07441 2.09687 -3.43293 0.212776 2.30257 1.58848 37.036
-15.3273 -3.80004 -8.59725 -9.54458 -2.58091 -10.4443 6.02194 3.66244 -1.47697 -4.53307 3.63374 3.93872 36.1324
-15.2171 -6.75246 -8.12339 -7.81414 -6.22167 -4.93736 3.67269 -0.631724 -0.346178 -0.0922191 1.90189 -2.01524 36.7352
-15.3235 -6.20673 -5.45495 -8.08702 -3.8775 -5.05909 5.01351 9.40456 1.79507 -1.25824 1.47392 2.80332 36.568
-13.6043 -7.49467 -10.6143 -9.74012 -5.15987 -9.00348 2.32312 5.2305 0.396466 -3.29033 2.39616 4.93277 36.8624
-15.7445 -10.1922 -10.5956 -10.2342 -4.49905 -6.15955 3.39306 2.49797 -0.985416 2.40899 1.6839 -1.7633 36.2599
-16.2072 -6.76323 -12.0978 -15.7062 -2.29905 4.69031 7.68819 6.25954 -4.36637 7.41586 8.80307 4.25314 36.4055
-14.4886 -6.54327 -12.2019 -13.0124 -6.94926 -4.94171 4.67446 5.50624 -0.568864 3.99955 1.62606 -1.8434 36.6162
-16.7707 -5.41432 -6.83614 -11.4357 -1.7221 -1.62027 10.3373 2.11953 -0.103919 4.81072 -3.78242 -2.3497 36.4249
-19.3048 -8.38731 -9.68288 -19.8345 -3.21422 -4.63775 -0.00752147 6.9026 6.33865 8.60116 5.19449 -2.81278 37.0841
-16.081 -6.87719 -10.3136 -16.0698 -8.60249 -8.0751 0.0273113 -4.59685 -0.934804 3.53746 0.511948 3.76503 36.1728
-14.6612 -5.64943 -8.2387 -11.9955 -8.81085 -5.32436 2.40894 1.19027 -1.35472 5.8996 -0.214652 -2.00383 36.328
-14.6904 -5.17422 -6.12068 -9.76069 -8.0622 -12.3569 2.77818 0.323985 2.2026 4.21119 0.409318 2.05257 36.96
-15.1904 -6.4287 -9.32787 -13.0099 -6.72311 -5.19327 5.17513 3.37561 0.0267021 -0.775692 7.74623 -0.0555344 35.9816
-15.7511 -6.99878 -9.50433 -9.74524 -8.04849 -8.06501 3.10324 6.26081 0.44772 -2.84504 1.03225 -4.6109 36.0843
-14.8289 -8.19787 -10.1803 -10.6635 -5.42421 -6.36357 7.47551 7.16779 10.9388 7.13395 -5.64466 0.917847 36.7316
-15.2713 -5.24525 -5.27943 -4.35137 -2.81175 -5.87139 9.24401 4.78329 7.45427 -0.817594 -4.50332 -3.11605 36.2187
-16.0322 -7.61683 -7.24535 -10.2851 0.93407 4.98206 4.34293 0.5404 -3.81134 -5.00451 5.91574 7.14747 35.516
-16.6716 -7.10396 -6.50848 -11.309 -7.84663 -4.75376 8.77035 7.11882 1.07814 1.16388 4.09291 8.67227 36.2692
-16.583 -8.82177 -9.11203 -11.7619 -10.3948 -5.15788 10.9674 -0.732833 8.72655 2.15198 0.603636 0.314063 36.2806
-14.1741 -4.6589 -10.1138 -11.5447 -8.12792 1.59765 6.83326 -1.66565 5.18949 -1.66462 -3.16984 4.43749 36.0508
-15.3251 -6.20139 -10.3933 -12.257 -5.08929 -1.97247 10.6374 4.64568 6.06507 6.42259 2.15154 -1.79805 37.3962
-14.0457 -5.3977 -7.99083 -13.0628 -4.67636 -6.73546 2.88158 -1.9868 1.122 1.74436 0.565712 1.52342 36.178
-15.9341 -8.91597 -10.1806 -10.5555 2.95973 4.18811 2.46823 7.04569 6.1384 -5.28504 -10.1571 -4.53788 36.7233
-15.0784 -8.09376 -7.60229 -9.40495 0.12613 -5.15364 5.8034 7.27748 5.43358 3.46064 -6.55971 -0.64658 36.3156
-17.2429 -6.5075 -9.28768 -9.12845 -6.30751 -5.13311 10.8101 6.07887 2.81477 3.43865 -0.09218 -2.63594 35.5875
-16.4667 -7.32836 -12.1478 -7.62401 -2.54664 -9.11648 5.8844 4.08023 5.97834 -0.182157 4.02628 -3.73855 36.3974
-16.3239 -10.1321 -9.0996 -9.52591 -1.60061 -2.08539 3.08679 1.32956 5.66716 -0.650276 9.14485 3.63258 36.0951
-15.6408 -9.14267 -11.18 -9.41778 -0.391059 3.91427 10.5159 2.57001 4.51472 3.83675 -0.131161 -6.38191 36.7938
-14.1285 -4.28942 -9.98352 -13.9339 -8.85087 -7.73156 2.08168 -4.7586 5.16797 5.45105 5.1907 0.38347 38.4809
-11.1044 -2.99736 -11.4296 -23.3669 -14.6745 -13.5854 -5.44363 2.75922 2.11667 1.13643 0.804927 -2.09574 40.8097
-11.314 0.993366 -3.18473 -25.9692 -11.8856 -10.2746 -10.2417 -1.9803 4.80342 -6.39026 2.08498 -4.17346 45.0078
-10.2652 1.30853 -8.0002 -27.0639 -16.7759 -14.8888 -15.1102 -13.3794 6.85894 -7.24603 10.141 -0.220003 46.9696
-10.6981 -1.64808 -9.79605 -29.1523 -11.9065 -16.6803 -16.1661 -9.42688 12.5793 -13.807 12.6096 -0.947391 48.751
-10.615 -2.21224 -11.4206 -28.0234 -4.8939 -20.9679 -7.46695 -9.44003 9.08156 -6.61877 7.92255 -0.0507865 51.4883
-11.1751 -3.81325 -7.81668 -32.8986 -6.11334 -18.0514 -7.3392 -13.2676 14.2874 -5.63439 6.21678 1.74129 53.4846
-12.3464 -3.64175 -9.13839 -31.7622 -8.52296 -17.2555 -1.09244 -9.46134 14.4422 -8.45403 5.97517 5.63798 55.8786
-14.4299 -5.86882 -9.25524 -34.9249 -8.0886 -12.2296 1.29182 -12.2283 17.6839 -3.88152 -0.14585 3.7589 59.0966
-14.9063 -7.78335 -8.0054 -35.97 -9.07409 -7.32724 4.01461 -8.49104 15.0895 -1.38992 -3.12332 4.14983 61.5782
-13.1249 -10.5635 -4.87402 -33.0994 -7.07588 -3.16185 7.08822 -5.13131 12.8672 2.70235 -3.66344 2.87252 62.7507
-12.5288 -16.6817 -9.32933 -32.6885 -13.6235 -3.08426 2.59823 -3.01299 7.82134 2.00834 -9.9238 4.31812 62.396
-13.2348 -20.5115 -9.96819 -37.658 -10.4895 -6.88014 4.98484 -6.88001 4.27252 -0.703525 -13.0598 0.536755 63.2284
-10.467 -14.3668 -8.31444 -28.469 -0.60133 -2.56047 11.5218 -3.13163 0.715784 3.20218 -8.29082 4.35968 60.5371
-15.0614 -21.1665 -8.64092 -32.3689 -4.80748 -5.65209 9.86442 -6.90985 -0.169311 6.07907 -10.6549 1.36318 63.5999
-9.50373 -17.3685 -9.9769 -26.407 -5.58902 -1.25468 12.0699 -7.09969 -1.5858 5.64242 -13.0044 4.2818 59.4517
-11.7016 -20.8484 -14.7725 -27.5869 -10.038 -6.05889 11.501 -13.4996 -8.93946 7.71185 -17.5261 -1.54184 56.3123
-11.3959 -18.9524 -11.4881 -28.7766 -8.3321 -4.54311 7.24315 -8.76572 -2.22667 11.4127 -14.4561 -3.03322 54.5107
-9.22803 -18.0999 -10.4351 -27.6902 -10.5234 -3.26541 5.88712 -12.0696 -1.81932 14.1772 1.41307 2.19132 53.157
-13.7883 -16.0258 -6.02283 -22.6801 -0.70361 -6.53144 8.71721 -12.3971 -0.547488 9.33132 1.31369 3.41835 51.2618
-18.119 -13.5484 -9.11949 -21.3316 3.58002 -6.00991 1.35532 -9.70687 5.01166 2.9354 -3.21782 -2.17075 50.6454
-16.7403 -10.6788 -8.01146 -21.486 -0.347827 -14.6254 3.86372 -3.06463 13.0477 2.17508 2.38552 -1.96812 50.0084
-15.4736 -9.41709 -9.53049 -15.2912 1.2194 -10.538 1.07864 -4.87731 6.80357 -8.21641 -0.258461 7.22187 46.3479
-17.6861 -10.7315 -12.5993 -16.745 0.14471 -6.12941 8.98566 -8.65046 7.71563 3.46247 -1.60047 1.16305 44.9411
-18.7144 -8.46852 -10.4962 -13.6828 -2.59476 -14.0755 8.47818 -7.05241 7.81559 -0.377142 1.56835 -4.86046 44.2735
-19.6554 -11.6981 -12.1064 -16.379 -0.0769632 -13.8016 8.49298 -5.45666 13.076 10.767 0.557124 -1.44898 45.2043
-20.1018 -10.2164 -10.5126 -17.1325 -1.61136 -12.9782 6.34436 -11.4178 9.97455 5.56881 9.1941 1.21132 44.6178
-21.8489 -14.5228 -10.7392 -16.3838 -5.14934 -13.4347 0.427583 -5.52242 12.4381 5.2935 6.27538 1.53061 44.8251
-19.3056 -8.69145 -9.90281 -13.248 -0.735206 -10.6384 1.1115 -4.36157 8.51616 -4.49554 3.20726 -0.964823 46.9948
-20.0534 -10.0372 -13.7852 -21.5883 -6.1118 -15.5142 0.773319 -5.27244 8.43827 -3.30335 -1.43041 -2.46099 47.9651
-19.208 -13.7474 -12.0243 -16.3937 -4.82718 -11.344 3.97526 -1.73213 12.4824 -0.202684 2.66386 -8.14146 48.4384
-17.4378 -9.23907 -10.3012 -17.0062 -3.46139 -10.3554 -7.11954 -12.5913 7.73841 4.00513 4.58473 -7.47212 48.0529
-18.9844 -10.2454 -10.0993 -19.9838 -7.40309 -7.93352 7.9467 -8.42389 5.5193 6.2673 9.43913 -4.86841 49.1432
-17.672 -9.87983 -15.9343 -19.6671 -6.37093 -14.049 -3.74922 -7.76413 12.4041 0.321796 7.27121 -5.19441 49.4116
-18.8658 -9.9182 -14.0808 -15.6302 -0.551278 -11.7303 2.29171 -6.06355 13.0853 -6.37338 4.37358 -2.30279 49.8417
-21.148 -10.5524 -14.5462 -16.2083 3.74151 -10.5363 -1.55609 -15.2345 8.93777 -1.41213 6.08755 -0.970776 48.8179
-20.9648 -9.72443 -11.7591 -10.3714 5.61612 -12.5381 4.24599 -12.6777 6.09227 -1.12992 8.1342 -5.06149 48.1669
-21.3138 -11.1268 -10.4883 -15.0993 1.63016 -8.52237 6.27757 -0.70024 12.4253 -1.31892 4.28921 -4.17767 46.8134
-19.3185 -12.1514 -12.6286 -18.5401 1.36972 -10.4245 7.99182 -4.61203 14.5365 -0.829733 2.54917 -2.92802 46.4549
-19.958 -10.8632 -8.85839 -15.5862 -2.57473 -17.9983 -2.77464 -5.39246 16.8766 2.08518 7.51449 6.38341 44.0847
-18.6444 -11.1054 -7.29918 -18.9638 -1.97089 -10.5356 1.23729 -8.33117 6.86865 3.94304 -3.80992 -3.18016 43.0984
-15.8336 -9.5102 -4.78303 -11.2294 -1.39563 -5.84586 -4.14371 -6.03827 1.32593 6.28475 -2.77231 -3.58738 40.8941
-14.4247 -7.95238 -6.70386 -7.83233 1.77441 -6.43439 -3.93336 -8.8009 -4.08923 2.32798 3.33776 -2.57892 38.2967
-13.3463 -8.07236 -12.0545 -14.5874 -7.65207 -7.04032 -3.30388 -0.623194 11.9283 11.0174 4.002 6.29249 38.1967
-13.0873 -3.15228 -6.56262 -6.78238 -6.24539 -6.50807 0.102849 -7.02662 -1.73713 5.00529 2.31013 3.27251 37.1024
-15.2505 -4.77201 -7.97346 -7.93754 -1.91975 -1.71332 7.45508 -2.62826 -1.36807 4.81871 0.210867 -3.09197 36.1583
-13.6675 -8.22106 -8.77497 -11.5225 -3.70114 -7.02527 1.57957 -0.526811 2.76804 6.10055 -2.79921 -1.13919 37.7488
-14.1103 -7.98326 -8.00911 -6.68327 -1.87226 -4.12346 1.4511 1.36045 3.32002 2.68107 1.16508 6.55767 38.1898
-14.2896 -7.79292 -7.38749 -6.00543 -4.36033 -5.49831 2.27973 3.12561 3.88043 5.00527 -2.21119 0.273475 37.4513
-14.5308 -5.46699 -9.81129 -12.8303 -2.75345 -4.9157 4.79627 5.41198 2.70152 -2.28097 -9.57647 -2.39139 36.3814
-15.6553 -6.54985 -7.51971 -9.84066 -0.060685 1.83399 1.95814 0.0188825 1.7465 7.95979 -1.97362 -3.0417 35.8094
-16.2252 -6.12453 -6.61702 -11.8153 -0.219898 2.24491 2.49081 -3.1845 -2.35883 7.5162 -1.06691 2.94529 35.786
-16.2668 -4.8362 -5.44697 -8.96578 -4.57077 -4.50755 1.59056 3.23896 5.12013 6.31743 5.22961 5.40426 35.924
-16.1859 -7.07171 -7.57074 -6.78755 -1.19083 -6.22186 6.06594 2.69409 3.29557 3.22374 -5.00543 0.836914 36.0495
-16.8483 -6.75054 -4.78953 -5.38943 -5.63854 -11.5006 8.45271 -3.47077 -2.60271 1.41033 -5.69163 0.680321 35.6391
-16.5397 -8.63464 -8.95646 -7.12318 -5.80661 -9.50086 8.13239 3.33865 1.60832 0.212852 -0.3078 -1.72665 35.7097
-17.0447 -6.38658 -5.3728 -4.57135 0.912324 0.466932 7.60587 -2.32603 -0.864138 1.14774 -0.107755 0.44197 35.4382
-15.093 -7.94543 -6.39069 -9.85182 -2.55738 -3.66724 8.98605 1.25253 -4.37623 -1.28504 2.9015 3.88108 36.5778
-16.2318 -9.06601 -9.67691 -11.6788 0.393257 -4.22594 6.87118 6.84349 8.68625 8.36695 -1.62067 0.211123 36.4571
-15.9907 -6.21657 -6.70994 -5.79914 -0.966758 -7.65788 3.75491 1.72853 4.6444 0.827216 -10.8636 -4.59244 35.7397
-14.4149 -9.95005 -9.4774 -10.0363 -1.74935 -2.34884 6.54536 2.10568 0.0649638 0.543545 -3.88105 -1.02542 37.1779
-18.3617 -8.7065 -8.5989 -9.21226 3.87341 -0.327496 8.60847 2.45151 1.50562 4.40906 -4.56965 0.0652496 36.2034
-18.3725 -4.64915 -7.38519 -14.044 -1.42078 -9.27588 5.44403 6.33637 5.94378 -0.235628 5.28617 8.12331 36.8231
-16.426 -10.0066 -7.74195 -4.72608 -2.60488 -9.4056 3.95357 5.85747 6.21001 3.42218 6.38627 1.66521 35.1389
-15.4782 -6.66584 -6.44473 -7.02829 -4.78481 -3.56808 3.50444 0.804385 2.38719 0.944503 1.28734 -2.42544 34.9623
-14.3218 -5.90983 -10.771 -9.73607 -4.31402 -4.68587 8.09106 2.59038 3.75014 3.75429 -1.80738 -3.59281 36.1602
-14.6717 -4.64293 -9.21708 -4.29714 2.15023 -10.4329 2.44892 0.681161 -1.5539 1.21251 -4.60018 -4.23583 35.3606
-12.3002 -5.58065 -8.55501 -5.24165 -4.1142 -9.79442 1.93875 -4.11643 1.15182 6.21054 0.939772 1.18895 37.4717
-16.2251 -6.43306 -8.02842 -5.67752 -7.06873 -4.55759 -0.280459 4.13007 6.19026 0.840974 -1.84612 0.0963463 36.3619
-15.4356 -5.73842 -5.95185 -9.05412 -5.96888 -5.78943 3.84742 3.87969 -0.774134 -1.03881 1.01912 -0.0183588 36.5144
-14.8078 -4.38662 -9.40928 -11.4182 -8.65228 -8.28383 0.142153 -1.52625 9.50099 9.02236 -4.75793 -2.99489 35.4017
-13.8501 -3.76733 -4.59109 -4.77402 0.365051 -3.1095 7.13956 2.60767 -3.9333 -1.06361 -3.10267 -3.31759 35.5704
-11.7775 -4.75514 -6.62285 -9.67439 -5.4511 -3.29057 12.816 7.77389 -1.70455 -0.54439 -0.371599 1.88053 37.6069
-15.3596 -6.95175 -11.733 -10.2218 -6.64766 -5.22737 5.69874 8.21522 3.13494 0.994113 2.37258 -0.555841 37.181
-15.2598 -6.20972 -12.4187 -11.738 -4.00862 -4.67258 5.69304 5.78349 7.33405 0.00925811 2.29382 1.30522 37.0671
-14.9584 -6.37318 -11.4487 -10.7191 -6.68183 -3.71295 4.5491 3.89834 5.08883 -6.0855 -4.2794 -4.25309 36.4534
-15.0103 -6.80124 -9.17754 -9.6076 -1.53548 -3.46262 7.32915 -1.59468 1.07958 -5.10488 -2.31097 0.573204 36.3964
-15.6607 -6.74318 -11.2721 -3.99794 -0.0852912 -3.29784 5.02562 0.721809 -1.32306 -6.76192 -0.0498967 -3.87703 35.424
