-12.1651 -7.47699 -10.5096 -5.06743 0.213563 -6.77707 5.18138 2.45124 4.84731 -1.69925 11.3264 7.0298 74.0546
-18.8733 -7.1692 -6.15013 1.69706 -2.20437 0.609695 -2.272 -0.207416 5.34112 0.269225 -2.23656 -4.36277 31.6199
-15.5459 -2.71689 -1.16865 4.3686 1.7123 0.886714 3.81677 3.02779 -0.375398 -3.52536 -3.55051 0.577053 33.5768
-16.2365 -5.43991 1.99196 1.65346 2.89086 4.05656 7.72819 1.49368 -0.938872 -7.7663 0.169939 -1.33077 37.1804
-17.2636 -8.01605 -1.52511 -3.27142 -4.09061 -3.25481 9.8561 6.87359 0.209944 -3.26924 -4.90573 -3.52689 36.3607
-16.6129 -5.67114 -5.0341 -2.80868 3.60817 -3.6479 13.4225 1.56249 -3.84824 -2.54582 -7.07877 -4.65776 36.5169
-17.6285 -7.50928 -4.52755 -2.41008 3.24364 0.423849 7.25253 -0.295136 5.16659 -4.56399 -3.04556 -2.23866 37.4859
-17.2737 -6.17621 -3.67299 -6.37347 -4.40664 -1.16317 3.63132 -2.27558 7.33656 -3.2283 -0.783262 8.54251 37.787
-16.2616 -6.4386 -6.29475 -8.21376 -2.55736 0.436432 3.82377 4.60745 -0.935181 0.785768 5.94331 5.63853 38.1524
-16.2279 -6.05291 -7.67554 -9.35563 4.76216 4.2235 4.97 -1.15491 2.16569 -0.370846 5.81723 4.52038 38.4013
-15.2799 -2.30419 -5.41894 -11.9288 -1.13722 2.06412 0.552688 -1.76014 -4.87025 -7.30706 1.48097 4.74302 42.9333
-16.6756 -1.22848 -6.80435 -5.11507 4.75015 -1.8704 6.22491 4.85075 -2.11253 -4.02745 1.87693 -0.0641051 38.1663
-17.4788 -3.04219 -10.2921 -9.74291 7.87379 -3.63927 8.63571 1.897 -2.47946 3.13798 2.89875 6.27441 37.1157
-17.2494 -2.36481 -10.6423 -12.466 -1.05223 -0.700911 8.94634 4.28156 -1.09614 -2.0954 4.61432 5.59361 37.4613
-16.1972 -3.66462 -11.2513 -5.96674 2.18232 2.43168 3.96982 3.55215 -3.12817 -6.9502 7.41804 6.77592 36.6261
-14.7396 -0.749904 -10.2904 -7.72512 4.31917 1.4659 4.88964 1.37054 -5.13265 -8.19025 1.10275 5.22433 35.9639
-18.8887 -1.81121 -8.60917 -6.98938 5.7629 4.14819 5.60844 -1.56289 -1.67114 1.3482 5.64371 4.2203 35.1702
-19.1993 -0.547166 -5.75364 -9.17202 3.1043 -2.21589 5.39449 0.6529 2.71624 4.67736 9.06654 7.58518 35.5781
-16.2562 0.865782 -8.50737 -6.76704 4.04493 -1.55516 6.84006 0.895943 -2.57974 1.75879 7.13798 0.484001 34.7979
-17.5942 -2.29803 -4.27105 -2.16181 4.99498 -8.72816 2.28044 -3.01547 -1.28877 6.30273 6.29818 2.60436 34.4243
-16.4448 -0.828819 -7.62062 -2.77764 0.971255 -4.62612 4.93519 6.24062 5.26038 1.6232 -3.31071 0.317521 34.4934
-15.5917 -0.194512 -8.05899 -6.15801 3.19798 -2.88833 7.4307 8.77556 1.94048 0.564023 -2.84554 -5.65905 35.7143
-17.0253 -0.990444 -3.98739 -5.76374 -0.151279 -6.33797 2.64363 -0.420674 5.89817 3.67276 0.635968 -0.369946 34.2612
-15.2951 0.478908 -4.49442 -5.01131 -0.204108 -7.70289 5.09716 9.17626 0.996524 -0.352227 0.610882 -2.20047 33.9993
-15.5921 -2.67252 -6.29645 -4.82715 -1.15768 -2.69268 10.3881 8.14699 -2.08829 3.15736 -4.96591 1.45238 33.9414
-15.1011 -1.33917 -3.40505 -5.77407 -0.859606 0.869487 6.78617 4.70917 0.0936629 0.0231477 0.47559 4.38102 33.4479
-15.3088 -0.488973 -2.38803 -6.91444 0.510851 -2.70892 4.47211 1.02511 -2.70366 0.645838 3.45592 6.63633 33.1349
-16.7177 -0.290157 -0.960354 -1.6253 -2.58091 -3.21838 4.4473 4.56447 -0.111421 0.450816 1.4711 0.594982 33.9854
-15.1649 0.571008 -5.30988 -4.8222 1.50803 -2.36278 3.07622 -1.06667 -6.8952 0.683013 1.6935 3.40743 32.9072
-14.9547 -2.47333 -4.20169 -4.10545 2.57537 -8.48359 2.67701 0.689187 2.62689 -1.55861 -0.401333 6.85459 33.5118
-16.176 -2.60726 -5.80715 -5.23701 1.77859 -2.2469 4.31343 3.45806 6.58023 6.34947 1.6155 3.2256 32.7747
-14.2895 -2.05044 -6.34781 -3.66687 1.76868 -3.06134 5.04641 2.0877 -2.59905 0.710568 -0.526644 4.07637 32.3575
-13.4219 0.374509 -5.17362 -2.70831 -1.84994 -6.2722 2.87864 2.25529 -4.61536 6.90151 -3.09795 2.31433 32.2111
-14.3562 -1.52429 -6.68346 -3.46743 1.36412 -2.02727 11.3309 -2.93738 2.03001 6.23327 -0.0249373 -0.0344742 31.1762
-16.0901 -3.79308 -6.86278 -3.53484 3.37609 0.307225 4.89899 4.62217 3.36534 10.1605 -0.752805 -0.198208 31.7235
-16.1315 -4.16721 -7.39513 -6.17654 3.02925 -0.872689 8.19866 2.54148 2.70404 10.3328 4.85521 5.08127 31.0309
-14.7896 -2.54658 -5.72448 0.173945 3.98642 3.1645 3.13402 -4.2764 -2.5014 -0.647731 -0.0602674 11.3341 31.6218
-14.6157 -0.734932 -2.80267 1.2335 -2.57273 -4.16052 6.90614 -0.866387 2.68565 1.12988 -2.74194 5.33689 31.8824
-15.0506 -1.61852 -7.12627 -5.5067 -3.34803 -1.59029 14.4457 0.938087 0.00912292 3.27536 0.626659 10.5912 31.3371
-14.3534 0.992016 -6.36676 -5.46103 -3.04033 -2.72012 8.65262 3.45517 2.27421 0.186483 -4.54909 10.2224 32.2545
-13.2703 -0.59094 -4.71225 -3.16273 -0.898925 -4.54809 0.706119 -3.28708 1.93199 2.97611 -3.93399 0.38469 32.6436
-15.618 -2.05464 -2.00365 -4.06572 1.37984 2.29787 4.79876 2.02142 0.313083 0.421066 -5.23848 3.26998 31.8896
-13.4292 -2.39424 -7.13505 -3.31024 4.58362 2.64432 5.94668 -5.99363 -0.158637 -0.770175 -1.89128 2.75589 31.9319
-13.9039 -1.76199 -5.88875 -4.352 -1.04028 -1.2091 5.99401 4.61062 2.34339 5.52441 1.35907 5.55298 31.6207
-15.3656 0.694053 -6.27091 -3.42788 -1.29034 -1.82329 7.00613 3.7944 0.552549 5.84338 -2.50061 7.83116 31.4141
-16.2414 -0.989995 -5.9823 -0.457956 4.20522 2.49775 2.30926 5.24048 6.15207 3.86999 -5.74167 0.889023 31.7549
-14.2131 -2.47473 -4.68142 -4.8431 -2.20465 1.18575 6.86392 -0.726108 0.0187741 7.07015 -1.438 0.959722 31.355
-13.4367 0.311016 -5.73225 -4.9451 1.25421 -1.36561 6.69235 6.70096 -2.55521 -6.70338 -1.64319 3.83921 31.3275
-12.7598 -0.648988 -5.78675 2.51405 2.57699 -5.89839 7.68706 2.34209 -0.155639 0.401659 -8.41053 -2.55849 31.826
-14.918 -1.34849 -4.85801 -2.55467 7.29686 2.77331 5.77352 1.46697 2.13376 5.05955 -7.2754 0.333354 31.177
-14.7078 -1.60703 -8.16665 -5.90815 8.764 6.48906 7.12275 1.06611 2.69246 -1.95768 0.717397 8.26083 30.5088
-14.985 -1.871 -5.40639 -3.46924 0.280959 -5.06439 8.73514 1.09956 -1.93235 1.17921 1.35075 4.35028 31.3142
-14.5412 -0.4617 -5.4214 -5.52069 -0.892992 -0.111771 8.58875 3.38623 0.0292443 -0.756442 -2.71528 2.32286 32.3833
-13.6842 0.251041 -4.0543 -5.74139 -2.6784 -0.168745 2.51365 -0.844073 10.2195 5.92435 -3.68687 -0.719362 32.1167
-14.3874 -0.787445 -5.01774 -3.65264 0.417913 -3.2071 5.61582 1.81562 -0.335331 -1.02541 -0.0372184 7.1029 32.1581
-14.9603 -0.181487 -4.49364 -6.03029 3.93189 7.18845 1.15214 1.97433 3.85328 1.15426 -5.30687 5.81815 31.3603
-14.937 -1.36089 -6.12191 -5.51771 2.91588 0.0905208 6.80022 5.91664 6.14315 -1.75207 -9.91778 4.08786 31.638
-14.7823 -2.15165 -1.81822 -3.13492 5.25321 -2.21559 -0.0986151 -0.762466 2.26664 0.0591596 -2.58463 4.02936 31.9305
-13.5432 0.164334 -2.60084 -1.53373 -0.997898 -4.68732 1.29293 -0.167346 3.82802 -4.0436 -2.18018 2.09078 32.0884
-14.4684 -0.553877 -6.37175 -1.50727 6.00895 2.88137 4.85521 0.591087 2.43473 1.42003 -2.32649 -2.85795 32.2696
-13.5979 -0.580633 -5.24649 -3.16751 1.61916 3.98616 2.27333 0.0243678 1.81515 -1.63887 -3.15565 -1.62324 32.7372
-13.9577 -1.5094 -4.75957 -1.45068 1.82768 -0.176358 4.1088 -1.94251 -0.605667 0.831512 -5.78647 5.17156 31.8971
-13.7181 -1.53776 -4.66898 0.145246 4.78888 -0.545649 7.10964 -4.11135 0.837328 -3.06866 -9.74554 4.24012 31.9837
-14.2301 0.966429 -7.25797 -4.63434 0.83117 -0.69396 5.36571 -0.864115 -1.33488 4.94464 -3.31794 4.39951 32.6714
-12.8258 0.890144 -0.741719 -3.49219 5.42033 3.82697 1.76297 -0.518125 -3.54191 1.30234 -8.32842 -0.272057 32.3966
-14.4225 0.449384 -3.03166 -2.83867 2.80362 2.10497 6.22718 -6.88831 -3.23637 0.44372 -6.42077 0.513993 31.8383
-14.6995 -1.12854 -7.51259 -3.50147 3.23431 -0.338281 9.1518 -1.74317 -1.19238 -2.24505 5.02582 7.92037 32.1326
-13.9117 -0.0273816 -3.60096 -4.6801 -2.65304 0.277149 8.4432 -1.29953 -2.7107 4.88833 0.774581 -0.158635 31.7262
-13.8497 -1.71758 -3.5721 -3.07713 4.78635 -1.05913 5.88873 -1.66048 -2.15774 0.854329 -9.59071 1.71376 31.5992
-14.1478 -2.53933 -2.38551 -3.34687 -3.65392 -4.75257 5.54132 3.61657 4.25106 0.37981 -2.35099 2.90127 31.4152
-15.0994 -4.09276 -6.24334 -2.74862 2.86819 -0.347615 2.69673 7.25129 3.24912 -4.66803 0.36986 4.92842 32.5392
-16.1219 -1.27543 -4.67298 -3.21667 -0.783604 1.65391 6.14222 3.2895 0.778467 -0.0847133 6.53306 -0.0398065 31.9054
-14.1889 -1.13152 -4.98866 -10.1354 0.718774 0.456039 5.39993 1.47532 5.66604 7.37121 -1.9352 7.64292 31.413
-15.0204 -1.29478 -7.77589 -6.93967 0.869597 2.65682 2.84434 1.60417 11.4883 1.08816 1.94186 9.94658 31.4111
-15.1033 -2.94478 -5.87005 -5.81631 -1.61298 3.77761 6.72732 2.33923 -0.00976593 -3.21178 0.474256 5.5299 32.6947
-14.2627 -4.38618 -8.41035 -3.27759 3.05985 -1.61448 7.5312 3.08438 1.37602 5.99571 -1.21472 1.14497 32.9407
-12.7895 -1.50775 -5.86938 -1.09995 -0.780802 -3.5983 4.47181 -2.25832 4.51187 9.69482 -1.42451 5.77916 32.4154
-14.4559 -1.55766 -6.49742 0.93747 2.49372 -3.51237 3.05885 -4.61441 3.39397 7.39806 2.33469 4.18312 32.6349
-15.9231 -0.103922 -6.73863 1.6989 5.81071 -5.12147 7.39985 -2.04477 7.32101 -8.6342 1.41814 -1.644 32.535
-17.7379 2.97612 -8.58757 3.9839 5.43948 -3.00366 11.3851 -10.2199 1.26294 -6.60268 2.27527 -2.16956 32.4763
-16.9578 3.92179 -8.42366 -3.31806 -7.25457 -4.89727 8.47981 -1.34752 7.40025 -3.68496 5.86022 3.4183 33.412
-17.1028 0.172976 -11.6185 -0.647347 -1.42717 -2.62198 6.33211 0.798699 4.69044 0.751634 7.70594 7.0269 33.3266
-18.5824 0.0638294 -9.15864 0.635905 0.502479 -1.20872 12.1708 0.471709 9.21335 -7.47391 3.56933 3.64263 32.8461
-17.1728 1.98723 -8.68886 -2.5447 -1.97303 -6.14992 1.64685 6.39922 7.48301 -4.26765 7.89832 8.40906 32.7483
-16.2931 1.91079 -9.38187 0.702112 -4.06659 -7.02257 6.67043 -9.8672 4.35265 7.2303 9.66762 0.119662 33.8794
-14.1244 6.25584 -4.82176 1.52677 -4.5276 -13.3147 -6.24636 -16.7537 -0.825578 -3.69762 1.96412 6.61799 34.9673
-5.94784 10.4982 -11.9076 -10.6732 -19.4775 -16.1046 -7.1432 -8.70928 2.4472 -10.4417 4.00884 -2.3838 39.7448
-5.50365 8.58186 -11.31 -10.9355 -23.6022 -16.1384 -1.80882 -7.00993 1.07306 -6.88838 -1.28072 -6.91131 42.0404
-5.66356 8.9702 -12.02 -14.3406 -21.1474 -14.7759 -5.36974 -7.50703 2.6517 -12.6329 -1.43033 -14.3215 41.988
-6.26803 9.06408 -15.7947 -12.6769 -17.9225 -15.6975 -1.6662 -7.83444 -1.06333 -10.8498 -8.55001 -17.7611 43.4719
-8.27684 10.9357 -14.5876 -14.7305 -23.0522 -16.552 -2.66409 -1.97582 0.178018 -14.4797 -6.83554 -18.1572 45.5201
-7.49472 12.7986 -16.043 -13.1994 -21.5157 -14.2775 0.879849 -4.36336 9.24217 -14.3089 -8.80583 -20.4303 47.9517
-7.50974 9.11366 -18.5438 -15.259 -17.6251 -8.60788 -1.94498 -2.85033 10.7736 -14.9601 -8.67336 -16.9535 51.3763
-8.9008 5.71497 -22.0273 -11.7258 -14.4784 -8.82872 6.78004 -8.23707 8.0094 -10.1687 -9.05241 -20.3032 55.6422
-12.5463 3.87626 -28.8943 -16.6408 -9.14508 -9.58918 3.11936 -10.6635 4.39196 -11.6522 -12.3106 -14.426 58.0097
-13.5338 4.9205 -30.0545 -15.4294 -1.40799 -12.2952 4.48068 -13.4703 -1.66922 -6.31854 -7.90849 -5.64563 59.1581
-14.9304 2.04836 -27.0145 -16.3106 1.1426 -10.6623 6.55813 -13.0039 -9.38346 -8.96288 -7.21263 0.316903 61.0089
-15.7919 -2.76098 -24.0509 -13.5931 3.34432 -8.37771 6.89653 -11.8939 -14.0071 -5.05933 -2.88468 3.53741 62.6587
-16.4907 -7.1814 -24.0878 -15.5196 6.57777 -13.6521 -3.22667 -12.3823 -13.9034 -4.90289 -1.75102 -0.485781 63.4816
-16.9949 -6.52556 -21.5167 -17.0424 7.50686 -12.1343 -7.99274 -11.0969 -7.48976 -3.0784 -11.4683 -2.5797 62.9764
-17.2356 -7.91971 -18.6965 -16.6598 6.89321 -13.3887 -9.50522 -9.14496 -7.46657 -2.09591 -12.046 -6.29512 63.0318
-17.6723 -8.82342 -18.4224 -16.8915 6.17505 -12.0785 -12.3259 -8.43458 -8.39741 -0.442022 -13.5114 -11.1297 63.0701
-17.0683 -9.96512 -16.4213 -17.7226 6.3249 -9.59414 -14.5147 -6.97364 -6.74962 0.417638 -14.4993 -12.5077 62.3691
-16.5159 -9.82219 -13.7 -16.1995 7.07019 -7.42647 -12.0166 -5.60655 -5.13794 1.89424 -12.0052 -13.9064 61.9415
-15.3142 -11.6516 -13.7081 -17.6104 4.49549 -7.86182 -14.2876 -6.2842 -7.67964 1.27848 -12.5834 -13.5552 60.145
-13.0247 -10.5056 -12.6261 -12.4121 6.07216 -7.22984 -11.297 -7.47732 -2.89068 3.38976 -11.5885 -11.4405 59.9024
-11.2186 -8.3691 -15.4014 -12.8014 1.81723 -6.36779 -11.2274 -3.0736 -10.9075 1.55764 -6.32498 -12.9875 56.7813
-8.64169 -9.32735 -11.6404 -11.2012 -0.0153038 -3.46445 -9.06453 -1.6948 -9.86262 2.9223 -8.6434 -9.90335 55.4714
-9.26607 -7.87788 -14.4365 -15.6192 -1.93616 -7.05657 -8.66 -3.14036 -17.266 0.258568 -8.9307 -12.9222 53.3556
-9.6363 -1.40677 -12.2007 -16.2244 -4.48544 -8.21191 -13.8617 -0.330717 -18.2131 -3.01591 0.215659 -11.8745 49.8632
-12.0069 3.19125 -8.47271 -14.641 -5.15861 -15.7158 -9.58609 -4.70514 -18.3984 -6.84615 -5.86205 5.12295 49.062
-17.7173 1.25194 -12.9803 -10.9928 2.12264 -20.6332 -1.63428 -3.49913 -9.17948 -6.3983 -10.4794 -4.00126 51.1764
-21.621 -0.0344946 -16.5858 -10.9696 5.41962 -12.8376 9.23564 -2.86938 -0.0688612 -4.87449 1.90455 -2.78841 51.2226
-18.0141 0.764988 -17.2953 -10.9843 5.16711 -12.3298 6.70963 -2.47695 1.87296 -5.64895 -7.56419 3.31977 51.8204
-18.0034 -0.209697 -13.0447 -12.2607 3.87869 -14.9284 -4.29489 -5.9734 -6.95204 3.7442 1.28675 -3.75659 50.5777
-19.9256 2.57479 -10.4195 -11.7716 -1.22344 -16.9639 1.95197 -1.81009 -6.54767 -5.63776 -2.12832 2.70194 49.1737
-21.4927 3.90514 -4.22384 -5.99442 0.935454 -8.15761 -0.923197 0.574338 -15.1848 -4.91667 -3.45328 -0.220532 47.84
-21.1885 1.25229 -8.04618 -6.21556 -4.39616 -1.38808 -1.84903 -1.1591 -12.6722 -3.85565 -1.84152 0.872334 47.0052
-20.9432 1.81143 -7.0181 -8.40962 -3.22836 -3.38051 1.69339 -3.27603 -8.20056 -2.94648 -0.248257 -1.81322 47.2672
-18.0748 2.20417 -12.7475 -6.05101 -2.1276 -4.96688 -5.08503 -2.49766 4.20013 -4.56621 -3.39943 -8.32468 49.1173
-18.9891 4.53907 -10.5378 -8.09621 -8.89781 -8.68259 -5.93172 3.49123 0.459598 -5.79175 3.09229 -3.16203 47.3426
-20.5373 4.24586 -7.54571 -4.6873 -9.93107 -6.79918 -11.0602 -6.12435 2.90681 -3.10076 1.22844 -1.17171 46.5849
-19.0525 3.69863 -8.82672 -5.51715 -3.65938 -1.68675 -4.37227 -7.68377 -11.1166 -0.944683 -2.266 -0.914091 47.0178
-22.6527 4.20385 -10.6547 -9.19541 -8.56043 -2.99921 -2.60699 0.0601598 -2.02728 -0.600217 -0.173866 1.68475 46.6675
-22.1909 2.47045 -8.22466 -4.46173 -8.50711 0.695261 -2.35855 -7.94498 -3.92637 4.61732 1.21197 3.60023 46.3298
-21.0859 -0.525577 -5.27552 -1.20337 -8.56245 -0.347098 -0.652108 -1.93717 -7.0022 2.50912 -0.107898 0.869488 46.608
-23.8355 0.985542 -9.61029 0.34596 -5.81503 3.59732 3.22086 1.07305 -8.72785 3.51797 -5.19138 3.76171 45.5641
-24.0538 0.921252 -8.4653 1.36626 -4.49506 -2.48811 -4.09764 7.97815 2.36893 -3.29628 -8.69604 -0.663859 45.3083
-21.3118 1.58904 -12.745 -2.98037 -1.81111 0.868985 -5.72374 0.794614 -5.04879 -0.754159 -10.1547 -4.53431 47.1731
-21.1062 5.78661 -10.2926 -3.98097 -6.85228 2.68326 -5.70329 -4.7263 -8.48571 -6.45197 -2.15963 -0.724217 45.2933
-21.689 6.87247 -13.0316 1.04782 -4.39411 -3.34241 -8.45171 0.619885 -0.358395 -1.64473 0.481605 0.924966 45.2284
-23.3716 5.03319 -10.1263 2.70993 -3.25174 -5.81856 -2.7331 -3.55696 -6.313 -4.94943 0.792274 7.75386 44.9098
-23.9813 2.85522 -5.43664 1.19575 -4.67123 -2.10379 1.51804 2.97723 -2.49758 -4.8071 1.92345 -2.3208 44.372
-23.7227 1.63976 -8.84656 -2.2592 -4.3898 -3.09782 -3.10428 0.998671 0.880717 3.57385 4.36288 -2.22983 44.9075
-22.9351 1.94718 -5.43857 -2.22729 1.9744 -9.02423 -9.79263 -1.58312 -3.87803 1.69311 2.12443 1.77983 44.5009
-24.8489 3.44297 -2.97389 -7.23144 -2.14341 -0.794838 1.65673 2.08416 1.83167 0.615633 3.11696 4.58889 42.1072
-23.1177 2.08484 -4.15137 -7.47316 -1.49728 4.51673 -7.44007 6.79352 -7.48344 -3.22287 1.98877 3.94095 40.5915
-19.7917 -0.656643 -7.37968 -5.36579 6.34273 7.35609 -10.0026 5.20742 -7.92453 -1.01868 -0.325954 -0.783695 39.5543
-17.1385 -4.0606 -5.25307 -5.0729 3.60488 -4.68703 -1.97564 -0.832588 11.162 -7.71649 4.9235 -0.0950115 37.3128
-17.5933 -4.17029 -7.63213 -7.98224 2.5311 -8.98156 -8.45995 5.69444 22.9113 -4.15715 4.50717 12.9098 37.6585
-15.3595 -5.19363 -9.19712 -3.30604 2.2212 -7.77658 -4.49084 1.75877 15.1913 3.23463 2.26555 5.58532 37.9601
-15.8241 -1.30616 -5.15469 -0.796949 7.23542 -9.04701 -2.9964 3.22897 1.34162 -5.71535 4.63456 1.30671 37.241
-14.6989 0.19006 -3.38189 -2.31052 5.58592 -15.1332 -5.99524 -2.17906 1.45302 -9.57532 -1.71476 1.03658 37.2934
-15.6575 1.81282 -2.77216 -6.76493 3.89921 -7.96155 -4.07316 -4.78 4.31944 -6.7954 3.59868 7.17991 35.7473
-14.3696 2.87067 -6.10065 -7.60087 -5.25843 -12.832 3.99094 8.31557 10.5108 -5.9055 -4.62906 1.67904 34.7904
-14.5822 0.0765875 -6.20801 -5.68624 -5.72765 -11.1527 4.2551 7.20569 16.1697 5.24921 -5.79045 -1.99229 34.6482
-13.1194 -0.254856 -5.25787 -3.51782 -1.58376 -12.839 2.67477 2.5612 15.911 -2.14608 -12.5561 -5.7926 34.8649
-12.5112 2.83523 -3.41803 -1.5021 -2.48441 -12.5188 -4.9301 -11.9189 0.033257 -1.66972 -0.560348 12.1924 34.7498
-12.65 1.06015 -6.03005 -7.99878 1.14061 -7.54064 -2.78813 -1.4358 7.35153 7.76738 0.609637 1.18533 34.325
-10.2093 3.73867 -3.06527 -4.28594 -6.79204 -14.6064 2.42712 -6.63704 -1.29854 1.84743 -3.27776 7.1951 34.0408
-10.729 4.31049 -0.988598 -2.81413 -3.09755 -7.60935 -2.10939 -2.76688 6.31212 0.866017 -4.29725 3.78109 32.9605
-11.1918 2.28317 -1.80302 -1.79928 1.27297 -6.59845 -0.380101 -3.56054 -0.452057 -8.40683 -5.15093 5.53391 34.2492
-12.951 2.03445 -2.13832 -1.9896 2.49595 -3.14269 3.11204 0.38871 -11.5351 -0.808835 -4.69584 -0.929493 33.1713
-13.7535 1.08865 -1.56629 -6.27031 3.66994 4.89104 3.29424 -7.63249 1.04725 2.34329 -5.53681 7.50586 31.9081
-14.0067 1.9842 -2.24818 -0.556822 0.042121 -6.16931 5.07318 -1.31393 -3.20187 -2.16418 -9.50683 3.18508 32.5954
-12.9937 -1.02746 -4.96618 -4.45507 -0.577975 2.80055 5.89219 -1.88655 -1.8996 0.0374644 -3.05602 5.01566 32.4858
-14.0931 -0.4528 -1.89344 -1.53928 -0.280772 -7.49322 -1.98872 -6.49671 -0.127963 1.82618 -2.94959 9.63676 32.251
-13.1123 -0.577106 -2.54937 -2.38209 0.226316 -5.44178 3.30385 -1.55283 3.68987 5.06051 -3.37314 1.00376 32.4149
-11.0129 0.87668 -5.07962 -0.201307 3.79764 -5.29046 0.125414 1.14125 0.253028 -3.50156 -6.61452 -0.635074 33.3418
-12.2884 2.68525 0.0011944 -1.4946 -0.610213 -1.6788 -0.618737 -11.031 -4.71056 -2.52401 -6.626 -0.925781 32.4322
-12.0234 1.35818 -2.88635 -0.776889 1.36368 -1.0604 -2.34798 -10.2267 -2.52452 -0.935641 -7.59365 9.57097 33.9033
-9.87856 2.09047 -3.61326 -7.47695 -2.59743 -3.76131 5.37011 -5.92374 -5.8134 -1.91198 -5.96652 3.02208 34.3438
-10.8528 2.60535 -5.17476 -8.67162 -4.4052 -9.75272 7.17442 6.97122 -5.57825 -2.13796 -3.14565 -1.9898 34.2656
-8.27118 3.57692 -6.33307 -3.95371 -6.75023 -6.02278 2.72018 -4.31083 1.04874 2.10903 -8.17481 0.429742 34.2385
-8.58025 4.43233 -4.65636 -8.8148 -3.41468 -9.93592 -3.59803 -3.36983 1.26959 0.81135 2.29353 1.04035 34.7884
-9.69425 3.02142 -9.70543 -13.2206 -3.77198 -5.72609 3.09015 5.11759 5.42929 8.27318 0.97931 -5.69974 35.1373
-9.43645 2.60509 -7.55067 -14.1941 -7.85796 -4.59975 -1.11736 4.38681 -0.449426 -2.06192 -2.87419 4.97732 34.4193
-9.76107 2.61051 -9.7855 -11.2291 0.0624254 -2.42425 -1.29136 1.30597 4.58262 -2.69899 -7.35408 2.41641 34.6995
-7.56205 3.53195 -8.87851 -11.4081 -4.78094 -6.25948 0.0180538 3.30147 -3.52962 -0.143639 -4.50931 0.462545 35.6302
-9.1849 6.21859 -5.64463 -8.70096 -8.05847 -11.1534 1.60718 0.0762235 -6.48618 2.49623 -2.40102 -2.57341 35.6887
-8.26933 6.49069 -9.58766 -11.3431 -8.20407 -7.07097 1.90838 -0.719121 -3.71923 0.414464 -1.84841 0.631755 35.2937
